                           1                            2                            3                            4                            5 
              version_number                 initial_mass                    initial_z                    burn_min1                    burn_min2 
                        6794      2.0000000000000000E+001      2.0000000000000000E-002      5.0000000000000000E+001      1.0000000000000000E+003 

                               1                                2                                3                                4                                5                                6                                7                                8                                9                               10                               11                               12                               13                               14                               15 
                    model_number                         star_age                        star_mass                         log_Teff                            log_L                            log_R                     log_center_T                   log_center_Rho                     log_center_P                         log_Lnuc                    log_abs_Lgrav                  v_surf_div_v_kh                     he_core_mass                   mass_conv_core                     center_dL_dm 
                               1          1.0000000000000001E-005          2.0000000000000000E+001          3.5389633112538035E+000          4.3456364092838671E+000          2.6181504185869522E+000          5.4767728131981617E+000         -5.5843806117808814E+000          8.0958692170772437E+000         -2.1816630991514366E+001          4.3456327238343713E+000          1.5667361289680831E+006          0.0000000000000000E+000          7.2440040637734328E-004          2.1356150105168915E+005 
                               5          7.4416000000000000E-005          2.0000000000000000E+001          3.5392807167190536E+000          4.3469419728363201E+000          2.6181683894326797E+000          5.4767727279725227E+000         -5.5843785650542070E+000          8.0958710674143539E+000         -2.1816626072913866E+001          4.3469435250360267E+000          1.4417574888593005E+006          0.0000000000000000E+000          7.2693785897169996E-004          1.0284333280931629E+005 
                              10          2.5958682111999992E-004          2.0000000000000000E+001          3.5400040939479256E+000          4.3499300372687228E+000          2.6182156671911372E+000          5.4767714298016603E+000         -5.5843764040827875E+000          8.0958711725245980E+000         -2.1816624394547340E+001          4.3499299291915907E+000          1.2501896874338987E+006          0.0000000000000000E+000          7.2208175797746732E-004          6.6124083758826353E+004 
                              15          7.2035107872931792E-004          2.0000000000000000E+001          3.5411621908717259E+000          4.3547622129202495E+000          2.6183155611692994E+000          5.4767709619510319E+000         -5.5843702930715535E+000          8.0958743324268330E+000         -2.1816606478862187E+001          4.3547620889405696E+000          1.0395837548420553E+006          0.0000000000000000E+000          7.2163957345271386E-004          4.0102849076993414E+004 
                              20          1.8668799962237360E-003          2.0000000000000000E+001          3.5430246324874384E+000          4.3626497307971297E+000          2.6185344368763142E+000          5.4767741482497305E+000         -5.5843567990447127E+000          8.0958909685057954E+000         -2.1816538296078466E+001          4.3626490567167702E+000          9.3011106707165961E+005          0.0000000000000000E+000          7.0080013804665366E-004          1.9587359678781555E+004 
                              25          4.7198108322034464E-003          2.0000000000000000E+001          3.5470909011053302E+000          4.3799405137159750E+000          2.6190472910999545E+000          5.4767842642727347E+000         -5.5843315863199479E+000          8.0959276386120980E+000         -2.1816376382056465E+001          4.3799387913162366E+000          8.3308272132466268E+005          0.0000000000000000E+000          4.6531483758671210E-004          8.0221373947322745E+003 
                              30          1.1818815689988476E-002          2.0000000000000000E+001          3.5545755559714456E+000          4.4120696319291168E+000          2.6201425404742933E+000          5.4768101179591158E+000         -5.5842729464623746E+000          8.0960137474489589E+000         -2.1815981671346623E+001          4.4120709655055226E+000          6.2970634220670024E+005          0.0000000000000000E+000          1.2067003778265887E-004          1.1644747789006071E+003 
                              35          2.9483411457712123E-002          2.0000000000000000E+001          3.5642515055045587E+000          4.4548189011593617E+000          2.6221652760231886E+000          5.4768752214114240E+000         -5.5841270233885876E+000          8.0962332685195317E+000         -2.1814991272522146E+001          4.4548293078418588E+000          3.9987740008031705E+005          0.0000000000000000E+000          1.1897974492031392E-004          1.2554952764504087E+003 
                              40          7.3438578398454205E-002          2.0000000000000000E+001          3.5728232161988442E+000          4.4953081938176016E+000          2.6252665009637375E+000          5.4770272498500061E+000         -5.5837865583896278E+000          8.0967444397258745E+000         -2.1812743559598008E+001          4.4953122709521010E+000          2.0438813963759260E+005          0.0000000000000000E+000          4.9824130057855276E-005          1.4951394599201121E+003 
                              45          1.8281309940044160E-001          2.0000000000000000E+001          3.5777595480822546E+000          4.5223426729435197E+000          2.6289110767598771E+000          5.4773717335145724E+000         -5.5830162042742781E+000          8.0979027121053910E+000         -2.1807931123954887E+001          4.5223422412632601E+000          7.9934226806784995E+004          0.0000000000000000E+000          0.0000000000000000E+000          1.3737371302825156E+003 
                              50          4.5497190750010674E-001          2.0000000000000000E+001          3.5797159504844793E+000          4.5364197350863433E+000          2.6320368030268404E+000          5.4779745101302257E+000         -5.5810693019086370E+000          8.1004308619240195E+000         -2.1798454028835529E+001          4.5364197192387543E+000          2.2549236094420852E+004          0.0000000000000000E+000          1.9998144428944247E+001          4.0281049718097885E+004 
                              55          1.1321901128706655E+000          2.0000000000000000E+001          3.5803754811696904E+000          4.5419806906103695E+000          2.6334982194184295E+000          5.4789103854346193E+000         -5.5766870635169177E+000          8.1054910678065326E+000         -2.1779242294928078E+001          4.5419806696722587E+000          1.7897801968296474E+003          0.0000000000000000E+000          1.9998125565042589E+001          1.5104636695653471E+004 
                              60          2.8173257176583335E+000          2.0000000000000000E+001          3.5807649461932209E+000          4.5410635858727506E+000          2.6322607370025604E+000          5.4811327648786357E+000         -5.5688696125380686E+000          8.1153455498424734E+000         -2.1734504290065626E+001          4.5410636065742835E+000         -3.4579588471505081E+003          0.0000000000000000E+000          1.9998133787407376E+001          7.3597218185560760E+003 
                              65          7.0104823457635836E+000          2.0000000000000000E+001          3.5814998579121000E+000          4.5337730878121283E+000          2.6271456645344911E+000          5.4865958718228365E+000         -5.5522111647087788E+000          8.1374246542184441E+000         -2.1626455712068640E+001          4.5337730987826097E+000         -4.0589217919139792E+003          0.0000000000000000E+000          1.9998188518103582E+001          5.8590760826135147E+003 
                              70          1.5997336982803381E+001          2.0000000000000000E+001          3.5829955029141023E+000          4.5183324361015691E+000          2.6164340486752069E+000          5.4977584356960758E+000         -5.5185970269083171E+000          8.1821886392215504E+000         -2.1407997761212005E+001          4.5183325020585823E+000         -4.0686834840086335E+003          0.0000000000000000E+000          1.9998310097269663E+001          5.6159916563172246E+003 
                              75          2.6873681494875758E+001          2.0000000000000000E+001          3.5847540875056483E+000          4.5010485723478171E+000          2.6042749476152376E+000          5.5103986463163448E+000         -5.4805463647077346E+000          8.2328628766981158E+000         -2.1163474886484273E+001          4.5010486630891791E+000         -4.0801044400625565E+003          0.0000000000000000E+000          1.9998457052402056E+001          5.3894500541911893E+003 
                              80          3.8586634623217549E+001          2.0000000000000000E+001          3.5864338788939922E+000          4.4833140644036744E+000          2.5920481108664783E+000          5.5230889327902535E+000         -5.4423608672188646E+000          8.2837300091354802E+000         -2.0920602942899251E+001          4.4833141222549822E+000         -4.0724054476141941E+003          0.0000000000000000E+000          1.9998578857299030E+001          5.1628162883788809E+003 
                              85          5.1144641628248991E+001          2.0000000000000000E+001          3.5881299633852533E+000          4.4656145335093704E+000          2.5798061764368061E+000          5.5357709567401816E+000         -5.4042083993593062E+000          8.3345597758479517E+000         -2.0680226622922106E+001          4.4656145771529818E+000         -4.0709901416866214E+003          0.0000000000000000E+000          1.9998697359173804E+001          4.9545185224370180E+003 
                              90          6.4574476107457372E+001          2.0000000000000000E+001          3.5899377579746781E+000          4.4483686581639361E+000          2.5675676495852384E+000          5.5484172745841382E+000         -5.3661561972833853E+000          8.3852439782582930E+000         -2.0442698598615515E+001          4.4483687683883586E+000         -4.0753654746752227E+003          0.0000000000000000E+000          1.9998811038729613E+001          4.7630414848160108E+003 
                              95          7.8971328664797355E+001          2.0000000000000000E+001          3.5916061936302657E+000          4.4305571468514238E+000          2.5553250226178061E+000          5.5610557221141379E+000         -5.3281344979339558E+000          8.4358902009107570E+000         -2.0207394805866596E+001          4.4305572378817795E+000         -4.0775662373526516E+003          0.0000000000000000E+000          1.9998912024979923E+001          4.5632823558061245E+003 
                             100          9.4371242341882649E+001          2.0000000000000000E+001          3.5933891146519925E+000          4.4132078843514542E+000          2.5430845493243681E+000          5.5736615086195149E+000         -5.2902190446767126E+000          8.4863978651608747E+000         -1.9974709464402427E+001          4.4132079501235113E+000         -4.0844079716704346E+003          0.0000000000000000E+000          1.9999007257527531E+001          4.3797651277444229E+003 
                             105          1.1097360674440780E+002          2.0000000000000000E+001          3.5951571700463600E+000          4.3956313290397810E+000          2.5307601608797969E+000          5.5863358532190599E+000         -5.2521097864776776E+000          8.5371743457789329E+000         -1.9742741473626012E+001          4.3956313975424344E+000         -4.0848964615000468E+003          0.0000000000000000E+000          1.9999092572298725E+001          4.2043338620860950E+003 
                             110          1.2884096061588181E+002          2.0000000000000000E+001          3.5968751606784082E+000          4.3777482756382762E+000          2.5183826529149482E+000          5.5990500093312106E+000         -5.2138896909647858E+000          8.5881043529295766E+000         -1.9512001080571068E+001          4.3777483708447882E+000         -4.0849909820695202E+003          0.0000000000000000E+000          1.9999169532745675E+001          4.0284939521570550E+003 
                             115          1.4798472954389425E+002          2.0000000000000000E+001          3.5986357638515574E+000          4.3600275171517042E+000          2.5060010673253639E+000          5.6117468341565013E+000         -5.1757251954535493E+000          8.6389583155159286E+000         -1.9283488973392640E+001          4.3600276082199239E+000         -4.0826734763676927E+003          0.0000000000000000E+000          1.9999245477951042E+001          3.8640981787852002E+003 
                             120          1.6874855388006310E+002          2.0000000000000000E+001          3.6004130438545934E+000          4.3420815015952403E+000          2.4934734995410599E+000          5.6245718200458930E+000         -5.1371733595060576E+000          8.6903310857324794E+000         -1.9054569870902032E+001          4.3420815904876955E+000         -4.0850409321895181E+003          0.0000000000000000E+000          1.9999315433381241E+001          3.7071769944360576E+003 
                             125          1.9094888614896450E+002          2.0000000000000000E+001          3.6022054525995824E+000          4.3242614048429235E+000          2.4809786336749231E+000          5.6373426462748748E+000         -5.0987775846950649E+000          8.7414880213933586E+000         -1.8828489491457123E+001          4.3242615231090191E+000         -4.0920533405242313E+003          0.0000000000000000E+000          1.9999373328267104E+001          3.5569696609675466E+003 
                             130          2.1483017346853629E+002          2.0000000000000000E+001          3.6039581163697738E+000          4.3062024802974026E+000          2.4684438438617806E+000          5.6501377741791439E+000         -5.0603055491057374E+000          8.7927486914313455E+000         -1.8603841729850839E+001          4.3062025761360445E+000         -4.0887663144062708E+003          0.0000000000000000E+000          1.9999428903322354E+001          3.4070120976233165E+003 
                             135          2.4033731054773142E+002          2.0000000000000000E+001          3.6057338847721936E+000          4.2883226500362674E+000          2.4559523919263730E+000          5.6628715631478448E+000         -5.0220170369975445E+000          8.8437629310882748E+000         -1.8382122831038330E+001          4.2883227295328519E+000         -4.0915181424906827E+003          0.0000000000000000E+000          1.9999481843023567E+001          3.2722857785999536E+003 
                             140          2.6767467822606437E+002          2.0000000000000000E+001          3.6075108131980969E+000          4.2704563744685462E+000          2.4434653972907068E+000          5.6755865552786995E+000         -4.9837870104156128E+000          8.8947000025013985E+000         -1.8162570706877375E+001          4.2704564716438078E+000         -4.0961156042935663E+003          0.0000000000000000E+000          1.9999528241960888E+001          3.1383277956580719E+003 
                             145          2.9702464118291010E+002          2.0000000000000000E+001          3.6093296588995716E+000          4.2527152625169355E+000          2.4309571499119507E+000          5.6882393391226964E+000         -4.9454141933707296E+000          8.9456683947964901E+000         -1.7944744756712119E+001          4.2527153645836844E+000         -4.1002206994584540E+003          0.0000000000000000E+000          0.0000000000000000E+000          3.1836534030121047E+003 
                             150          3.2841273895811310E+002          2.0000000000000000E+001          3.6110490833477455E+000          4.2346548969115831E+000          2.4184881182129270E+000          5.7006442527296217E+000         -4.9067049720669038E+000          8.9965496341843050E+000         -1.7729655447998717E+001          4.2346549818510315E+000         -4.0919372629054951E+003          0.0000000000000000E+000          0.0000000000000000E+000          3.3049732708894039E+003 
                             155          3.6211021080305744E+002          2.0000000000000000E+001          3.6128392084883050E+000          4.2168640193927764E+000          2.4060124291724057E+000          5.7128739447482566E+000         -4.8674321775742042E+000          9.0476431768232999E+000         -1.7516694384333942E+001          4.2168641245113099E+000         -4.0902170193893517E+003          0.0000000000000000E+000          0.0000000000000000E+000          3.4054545675384511E+003 
                             160          3.9835767267240357E+002          2.0000000000000000E+001          3.6146333768730887E+000          4.1990656707241509E+000          2.3935249180685236E+000          5.7249755111924499E+000         -4.8274668610338356E+000          9.0991296354380413E+000         -1.7305660824115712E+001          4.1990657535808529E+000         -4.0790586311530910E+003          0.0000000000000000E+000          0.0000000000000000E+000          3.4895435838702297E+003 
                             165          4.3736734298030291E+002          2.0000000000000000E+001          3.6164038612610527E+000          4.1811775088676368E+000          2.3810398683643390E+000          5.7369774719846394E+000         -4.7867432736548015E+000          9.1511147108212221E+000         -1.7096552178978442E+001          4.1811775771641644E+000         -4.0566512215240564E+003          0.0000000000000000E+000          0.0000000000000000E+000          3.5518831695402837E+003 
                             170          4.7918597000404139E+002          2.0000000000000000E+001          3.6182236361814710E+000          4.1636246019143925E+000          2.3686238650468803E+000          5.7488608312293872E+000         -4.7453688359410142E+000          9.2034790067755168E+000         -1.6890122251893175E+001          4.1636246744323602E+000         -4.0314600776076609E+003          0.0000000000000000E+000          0.0000000000000000E+000          3.5991299090232483E+003 
                             175          5.2413772319848601E+002          2.0000000000000000E+001          3.6199703518016273E+000          4.1459127417170611E+000          2.3562745037079025E+000          5.7606796344372970E+000         -4.7032028617752601E+000          9.2564326764640654E+000         -1.6685740540693239E+001          4.1459128185571537E+000         -3.9922617448018696E+003          0.0000000000000000E+000          0.0000000000000000E+000          3.6226381262351269E+003 
                             180          5.7257166490578140E+002          2.0000000000000000E+001          3.6217570526467679E+000          4.1284819265773178E+000          2.3439856944477491E+000          5.7724881444819207E+000         -4.6601075030530996E+000          9.3101715827908809E+000         -1.6482768182900561E+001          4.1284820144112304E+000         -3.9449546418460745E+003          0.0000000000000000E+000          0.0000000000000000E+000          3.6279165796256384E+003 
                             185          6.2465175550074946E+002          2.0000000000000000E+001          3.6235046331678031E+000          4.1111305894376766E+000          2.3318148648358585E+000          5.7842915130162416E+000         -4.6161277478913636E+000          9.3646722318395437E+000         -1.6281371698904831E+001          4.1111306129509604E+000         -3.8837689643541021E+003          0.0000000000000000E+000          0.0000000000000000E+000          3.6207902536980928E+003 
                             190          6.8098661641849765E+002          2.0000000000000000E+001          3.6252950517557432E+000          4.0941089111314311E+000          2.3197231885068548E+000          5.7961893465927714E+000         -4.5709673363497130E+000          9.4203378937714533E+000         -1.6080091460772561E+001          4.0941089609301669E+000         -3.8108991710495170E+003          0.0000000000000000E+000          0.0000000000000000E+000          3.5997234353507479E+003 
                             195          7.4190709909354734E+002          2.0000000000000000E+001          3.6269890769101338E+000          4.0769765250925198E+000          2.3077689451786174E+000          5.8081984994364229E+000         -4.5246172784302301E+000          9.4772104352581259E+000         -1.5878794336227411E+001          4.0769765393573714E+000         -3.7182904296725806E+003          0.0000000000000000E+000          0.0000000000000000E+000          3.5638361580185706E+003 
                             200          8.0778353708431143E+002          2.0000000000000000E+001          3.6287386501919903E+000          4.0604229379642076E+000          2.2959930050507498E+000          5.8203538887888104E+000         -4.4770288137568377E+000          9.5353866116015862E+000         -1.5677108733378786E+001          4.0604230495336679E+000         -3.6087936525942841E+003          0.0000000000000000E+000          0.0000000000000000E+000          3.5158916985051428E+003 
                             205          8.7923049423633302E+002          2.0000000000000000E+001          3.6305390039944267E+000          4.0444731214816159E+000          2.2844173892045805E+000          5.8327343172854924E+000         -4.4280087782270208E+000          9.5951481039231847E+000         -1.5473982514091452E+001          4.0444731474701028E+000         -3.4846942518695569E+003          0.0000000000000000E+000          0.0000000000000000E+000          3.4544352841929581E+003 
                             210          9.5685157068280353E+002          2.0000000000000000E+001          3.6322621971274400E+000          4.0287127348500187E+000          2.2730908096227558E+000          5.8454087986242707E+000         -4.3774105892759518E+000          9.6567281804854801E+000         -1.5268528577719362E+001          4.0287127385571502E+000         -3.3251339630960624E+003          0.0000000000000000E+000          0.0000000000000000E+000          3.3872983988853948E+003 
                             215          1.0415392818618759E+003          2.0000000000000000E+001          3.6340228792883802E+000          4.0136715161169807E+000          2.2620488359343560E+000          5.8584781674512714E+000         -4.3249529990832762E+000          9.7205128442499600E+000         -1.5059324916226362E+001          4.0136714836210512E+000         -3.1438201476395793E+003          0.0000000000000000E+000          0.0000000000000000E+000          3.3142390597329099E+003 
                             220          1.1341403822059435E+003          2.0000000000000000E+001          3.6357694007434458E+000          3.9993076832780865E+000          2.2513738766047773E+000          5.8720279073987607E+000         -4.2704271740869162E+000          9.7868182556387779E+000         -1.4845162781618367E+001          3.9993076846866460E+000         -2.9293602858619101E+003          0.0000000000000000E+000          0.0000000000000000E+000          3.2353991445525457E+003 
                             225          1.2358005011754476E+003          2.0000000000000000E+001          3.6376016083512699E+000          3.9861944083726439E+000          2.2411528239364080E+000          5.8861921884783071E+000         -4.2134844940314125E+000          9.8561302371223913E+000         -1.4624292800523731E+001          3.9861942515935005E+000         -2.6787260619975273E+003          0.0000000000000000E+000          0.0000000000000000E+000          3.1533984835633992E+003 
                             230          1.3480506764529632E+003          2.0000000000000000E+001          3.6394183839326151E+000          3.9741808035052193E+000          2.2315124703400064E+000          5.9011494096711452E+000         -4.1536468028124824E+000          9.9291249142329399E+000         -1.4394287118650759E+001          3.9741805077217025E+000         -2.3816455621910618E+003          0.0000000000000000E+000          0.0000000000000000E+000          3.0682609999188207E+003 
                             235          1.4725448467206957E+003          2.0000000000000000E+001          3.6411797960133474E+000          3.9635407809028962E+000          2.2226696348773798E+000          5.9170871719698406E+000         -4.0904315984825654E+000          1.0006477782798584E+001         -1.4152744032699349E+001          3.9635404339344564E+000         -2.0220129040235374E+003          0.0000000000000000E+000          0.0000000000000000E+000          2.9830276873104922E+003 
                             240          1.6122048692292919E+003          2.0000000000000000E+001          3.6430685418845661E+000          3.9555313843133910E+000          2.2148874448401892E+000          5.9343646218299115E+000         -4.0228084398899204E+000          1.0089595082872945E+001         -1.3894832026596347E+001          3.9555307358384866E+000         -1.5944756188174331E+003          0.0000000000000000E+000          0.0000000000000000E+000          2.8965982398515662E+003 
                             245          1.7711606992336619E+003          2.0000000000000000E+001          3.6449087990009650E+000          3.9504597288235224E+000          2.2086711028624579E+000          5.9534934299113322E+000         -3.9493217446198594E+000          1.0180448814637444E+001         -1.3613929243413747E+001          3.9504588213331262E+000         -1.0639862926304977E+003          0.0000000000000000E+000          0.0000000000000000E+000          2.8112206749246548E+003 
                             250          1.9550357910912583E+003          2.0000000000000000E+001          3.6469126297041483E+000          3.9509907446018033E+000          2.2049289493452324E+000          5.9752208580606219E+000         -3.8679876944680016E+000          1.0281802193474807E+001         -1.3300554892234254E+001          3.9509875863641057E+000         -4.1224801818008541E+002          0.0000000000000000E+000          0.0000000000000000E+000          2.7255035521772766E+003 
                             255          2.1598633439630025E+003          2.0000000000000000E+001          3.6488344124081098E+000          3.9594552144131216E+000          2.2053176188429675E+000          5.9992854678043352E+000         -3.7808599299323387E+000          1.0391476195235400E+001         -1.2960167501417548E+001          3.9594522224985083E+000          3.8259145962577054E+002          0.0000000000000000E+000          0.0000000000000000E+000          2.6498421813733025E+003 
                             260          2.3581468629219271E+003          2.0000000000000000E+001          3.6505439390189371E+000          3.9773109222642189E+000          2.2108264195468612E+000          6.0227633862686245E+000         -3.6988671109672868E+000          1.0495805628142399E+001         -1.2634120080664225E+001          3.9773057989235183E+000          1.2091135791257018E+003          0.0000000000000000E+000          0.0000000000000000E+000          2.6050189542933495E+003 
                             265          2.5265221387270303E+003          2.0000000000000000E+001          3.6518870355148518E+000          4.0012952128675803E+000          2.2201323718567125E+000          6.0430709421811253E+000         -3.6302557164995628E+000          1.0583982296416583E+001         -1.2356363815243663E+001          4.0012913788699125E+000          1.9049392102500074E+003          0.0000000000000000E+000          0.0000000000000000E+000          2.5875656570218625E+003 
                             270          2.6688304391327288E+003          2.0000000000000000E+001          3.6529326692536115E+000          4.0287735408396292E+000          2.2317802683652168E+000          6.0606635453988771E+000         -3.5725271612611293E+000          1.0658838151551995E+001         -1.2118822642626949E+001          4.0287707758293454E+000          2.4124046479727158E+003          0.0000000000000000E+000          0.0000000000000000E+000          2.5814719141441392E+003 
                             275          2.7926961693099083E+003          2.0000000000000000E+001          3.6538259397814885E+000          4.0585807332625290E+000          2.2448973235209135E+000          6.0764137189507323E+000         -3.5221818927096216E+000          1.0724643472019089E+001         -1.1908650655489105E+001          4.0585778965266712E+000          2.7223140179706943E+003          0.0000000000000000E+000          0.0000000000000000E+000          2.5849632554851187E+003 
                             280          2.9044941868900664E+003          2.0000000000000000E+001          3.6546017552669205E+000          4.0898881517628238E+000          2.2589994018001978E+000          6.0910524703743878E+000         -3.4764798535385353E+000          1.0784822998506128E+001         -1.1715380331978270E+001          4.0898868964865844E+000          2.8406111073507614E+003          0.0000000000000000E+000          0.0000000000000000E+000          2.5938688363598726E+003 
                             285          3.0082650361591886E+003          2.0000000000000000E+001          3.6552931014917953E+000          4.1219734386609650E+000          2.2736593527995184E+000          6.1050469417503788E+000         -3.4337090176236851E+000          1.0841518623735876E+001         -1.1532461094474780E+001          4.1219725597788468E+000          2.8049366085882357E+003          0.0000000000000000E+000          0.0000000000000000E+000          2.6090303546985760E+003 
                             290          3.1076921963524087E+003          2.0000000000000000E+001          3.6560673249947238E+000          4.1549322996941731E+000          2.2885903363102642E+000          6.1188471752448601E+000         -3.3923365473976959E+000          1.0896705850611857E+001         -1.1353778200097176E+001          4.1549313106920041E+000          2.6077574278765933E+003          0.0000000000000000E+000          0.0000000000000000E+000          2.6301696192579011E+003 
                             295          3.2046438053091942E+003          2.0000000000000000E+001          3.6568634414809114E+000          4.1877583509903147E+000          2.3034111289859611E+000          6.1326816893335687E+000         -3.3515825263017049E+000          1.0951376764437397E+001         -1.1176320886177308E+001          4.1877574985516013E+000          2.3481519782812434E+003          0.0000000000000000E+000          0.0000000000000000E+000          2.6535755139015764E+003 
                             300          3.3011602338906537E+003          2.0000000000000000E+001          3.6578441934845798E+000          4.2206345941731742E+000          2.3178877465700536E+000          6.1468201571231083E+000         -3.3105957773949561E+000          1.1006647373974282E+001         -1.0996670358760436E+001          4.2206341794280666E+000          2.0434027745888650E+003          0.0000000000000000E+000          0.0000000000000000E+000          2.6839703436975888E+003 
                             305          3.3898838526779064E+003          2.0000000000000000E+001          3.6606590125786762E+000          4.2624540511877145E+000          2.3331678368891322E+000          6.1602215327363794E+000         -3.2723772786787011E+000          1.1058463878446766E+001         -1.0827975809845698E+001          4.2624535963278971E+000          1.8986318285054354E+003          0.0000000000000000E+000          0.0000000000000000E+000          2.7141615699089566E+003 
                             310          3.4692020250702299E+003          2.0000000000000000E+001          3.6646579190846991E+000          4.2953309097059709E+000          2.3416084531362129E+000          6.1725921627876428E+000         -3.2376434795101705E+000          1.1105801398116816E+001         -1.0673624823834148E+001          4.2953307291708365E+000          8.6619189117482415E+002          0.0000000000000000E+000          0.0000000000000000E+000          2.7462279603734901E+003 
                             315          3.5491164354687462E+003          2.0000000000000000E+001          3.6694206616311198E+000          4.3223467320161406E+000          2.3455908791984577E+000          6.1853279838168254E+000         -3.2023068773705128E+000          1.1154159640527578E+001         -1.0516070033555756E+001          4.3223467092454770E+000          3.3528790423133347E+002          0.0000000000000000E+000          0.0000000000000000E+000          2.7733875344406956E+003 
                             320          3.6242762884569242E+003          2.0000000000000000E+001          3.6747396057998096E+000          4.3449260867795179E+000          2.3462426682427657E+000          6.1974934957122958E+000         -3.1688743689759353E+000          1.1200065686454828E+001         -1.0366847185803325E+001          4.3449261474168681E+000         -7.8305439753807349E+001          0.0000000000000000E+000          0.0000000000000000E+000          2.8035041651798092E+003 
                             325          3.6931848615630092E+003          2.0000000000000000E+001          3.6804207329123040E+000          4.3638703656997855E+000          2.3443525534779117E+000          6.2087705426467448E+000         -3.1381284110571568E+000          1.1242399826858218E+001         -1.0229642088565045E+001          4.3638704297928053E+000         -3.7163560963978364E+002          0.0000000000000000E+000          0.0000000000000000E+000          2.8299173810538559E+003 
                             330          3.7556838301417706E+003          2.0000000000000000E+001          3.6861777921850409E+000          4.3797171173773117E+000          2.3407618107712009E+000          6.2190752296080012E+000         -3.1102155673197349E+000          1.1280918200945996E+001         -1.0105207642165754E+001          4.3797171452088905E+000         -6.0911407297757830E+002          0.0000000000000000E+000          0.0000000000000000E+000          2.8526431078405681E+003 
                             335          3.8136734298482365E+003          2.0000000000000000E+001          3.6919012717409161E+000          4.3932755509166324E+000          2.3360940684291096E+000          6.2286828270882895E+000         -3.0843314396250485E+000          1.1316707311705805E+001         -9.9899907133019905E+000          4.3932755442030915E+000         -7.7683005744402112E+002          0.0000000000000000E+000          0.0000000000000000E+000          2.8717566476607803E+003 
                             340          3.8681764855450583E+003          2.0000000000000000E+001          3.6975151024182593E+000          4.4050876150557405E+000          2.3307724391439777E+000          6.2377359259701510E+000         -3.0600524878360025E+000          1.1350331137253900E+001         -9.8821124361836539E+000          4.4050876333607700E+000         -9.1252071398508349E+002          0.0000000000000000E+000          0.0000000000000000E+000          2.8863820248506436E+003 
                             345          3.9197385890169585E+003          2.0000000000000000E+001          3.7029923670739664E+000          4.4154352405522799E+000          2.3249917225808341E+000          6.2463083675150397E+000         -3.0371479706539231E+000          1.1382095880762694E+001         -9.7805693076548508E+000          4.4154352598896764E+000         -1.0159176155995229E+003          0.0000000000000000E+000          0.0000000000000000E+000          2.9067620156985499E+003 
                             350          3.9686841203180147E+003          2.0000000000000000E+001          3.7083052144798310E+000          4.4244143911990124E+000          2.3188556030924707E+000          6.2544404416084216E+000         -3.0154881346160063E+000          1.1412167385331236E+001         -9.6847836856467708E+000          4.4244143800152065E+000         -1.1141632623036121E+003          0.0000000000000000E+000          0.0000000000000000E+000          2.9230300439737384E+003 
                             355          4.0157582184790290E+003          2.0000000000000000E+001          3.7135241019751932E+000          4.4323435053690927E+000          2.3123823851867873E+000          6.2622464744352628E+000         -2.9947511087317276E+000          1.1440984753365258E+001         -9.5933182479958408E+000          4.4323435074548545E+000         -1.2159380731245246E+003          0.0000000000000000E+000          0.0000000000000000E+000          2.9365558838197626E+003 
                             360          4.0607345706125320E+003          2.0000000000000000E+001          3.7185829576581018E+000          4.4392784441559145E+000          2.3057321432143802E+000          6.2696802156274360E+000         -2.9750453493627922E+000          1.1468394270504296E+001         -9.5066275863752416E+000          4.4392784509276062E+000         -1.3061152968356278E+003          0.0000000000000000E+000          0.0000000000000000E+000          2.9521320282391457E+003 
                             365          4.1040789503909291E+003          2.0000000000000000E+001          3.7235119903606968E+000          4.4452513377952894E+000          2.2988605246288771E+000          6.2768146369607161E+000         -2.9561615895270386E+000          1.1494677102798359E+001         -9.4238064650433806E+000          4.4452513495783403E+000         -1.3934681027218355E+003          0.0000000000000000E+000          0.0000000000000000E+000          2.9701752554782915E+003 
                             370          4.1466024003353496E+003          2.0000000000000000E+001          3.7284065769374410E+000          4.4506197281160116E+000          2.2917555466357511E+000          6.2837785063976881E+000         -2.9377531339702787E+000          1.1520310956401046E+001         -9.3433213460270501E+000          4.4506197301100805E+000         -1.4673248870034870E+003          0.0000000000000000E+000          0.0000000000000000E+000          2.9873572357714206E+003 
                             375          4.1883062002981660E+003          2.0000000000000000E+001          3.7332589699439569E+000          4.4553437611033475E+000          2.2844127771163856E+000          6.2905686401628209E+000         -2.9198197255411298E+000          1.1545289258011227E+001         -9.2651759999219099E+000          4.4553436887405367E+000         -1.5471835178294539E+003          0.0000000000000000E+000          0.0000000000000000E+000          3.0022374329607337E+003 
                             380          4.2293739350319584E+003          2.0000000000000000E+001          3.7380516432497291E+000          4.4594154640576118E+000          2.2768632819819739E+000          6.2972101627567962E+000         -2.9022865815663570E+000          1.1569715078172310E+001         -9.1890462788336702E+000          4.4594154562704027E+000         -1.6390003787143232E+003          0.0000000000000000E+000          0.0000000000000000E+000          3.0265619630157380E+003 
                             385          4.2700810536567860E+003          2.0000000000000000E+001          3.7428358705402536E+000          4.4630490738334201E+000          2.2691116322888290E+000          6.3037439606591841E+000         -2.8850421121002543E+000          1.1593742775500033E+001         -9.1144321540530484E+000          4.4630490694066287E+000         -1.7009808309265675E+003          0.0000000000000000E+000          0.0000000000000000E+000          3.0457296686593759E+003 
                             390          4.3104637156605513E+003          2.0000000000000000E+001          3.7475703530079998E+000          4.4660862652805076E+000          2.2611612630768803E+000          6.3101719660213922E+000         -2.8680746565084387E+000          1.1617385247211359E+001         -9.0412957385635710E+000          4.4660862784280653E+000         -1.7829699371487552E+003          0.0000000000000000E+000          0.0000000000000000E+000          3.0616450101102105E+003 
                             395          4.3507183189926309E+003          2.0000000000000000E+001          3.7523029755114305E+000          4.4687824509877503E+000          2.2530441109236405E+000          6.3165223562941319E+000         -2.8513038619239417E+000          1.1640749361148071E+001         -8.9692942368754096E+000          4.4687824473640818E+000         -1.8366575688135799E+003          0.0000000000000000E+000          0.0000000000000000E+000          3.0864684813353647E+003 
                             400          4.3910256187940995E+003          2.0000000000000000E+001          3.7570332923960224E+000          4.4710539117805856E+000          2.2447192075508751E+000          6.3228205266697159E+000         -2.8346601926072661E+000          1.1663932948363282E+001         -8.8981279450000201E+000          4.4710538942490778E+000         -1.9082510466791480E+003          0.0000000000000000E+000          0.0000000000000000E+000          3.1044438024376268E+003 
                             405          4.4315318348558812E+003          2.0000000000000000E+001          3.7617569342411259E+000          4.4729101035281857E+000          2.2362000197344671E+000          6.3290847574393938E+000         -2.8180896527433661E+000          1.1687007870815634E+001         -8.8275800227139261E+000          4.4729101135211220E+000         -1.9792288297466328E+003          0.0000000000000000E+000          0.0000000000000000E+000          3.1312129560451253E+003 
                             410          4.4724418882149885E+003          2.0000000000000000E+001          3.7665176313105757E+000          4.4745325172242021E+000          2.2274898324435752E+000          6.3353427094118855E+000         -2.8015164489096174E+000          1.1710077845821568E+001         -8.7573339883481118E+000          4.4745325367913251E+000         -2.0364372027389738E+003          0.0000000000000000E+000          0.0000000000000000E+000          3.1494614175231250E+003 
                             415          4.5138593016778377E+003          2.0000000000000000E+001          3.7712819118136358E+000          4.4757749422210411E+000          2.2185824839358754E+000          6.3416055691666253E+000         -2.7849069334813765E+000          1.1733186840472905E+001         -8.6872606157481247E+000          4.4757749398543938E+000         -2.0858081867004298E+003          0.0000000000000000E+000          0.0000000000000000E+000          3.1761125333210698E+003 
                             420          4.5558493786307808E+003          2.0000000000000000E+001          3.7760696818924231E+000          4.4767591765594563E+000          2.2094990609475085E+000          6.3478787854240641E+000         -2.7682414918970926E+000          1.1756358885618406E+001         -8.6173006067103621E+000          4.4767591695016904E+000         -2.1331068814913947E+003          0.0000000000000000E+000          0.0000000000000000E+000          3.2083228441324081E+003 
                             425          4.5987555442429466E+003          2.0000000000000000E+001          3.7809104451868798E+000          4.4775048595021207E+000          2.2001903758299277E+000          6.3542077916662567E+000         -2.7513996606691538E+000          1.1779763038672177E+001         -8.5469427915860336E+000          4.4775048544557805E+000         -2.1738187771633420E+003          0.0000000000000000E+000          0.0000000000000000E+000          3.2286893789476276E+003 
                             430          4.6418127083810950E+003          2.0000000000000000E+001          3.7857044372349136E+000          4.4779567913030087E+000          2.1908283576343028E+000          6.3604748857152105E+000         -2.7346874412589672E+000          1.1802972259438198E+001         -8.4774890475650349E+000          4.4779568062527657E+000         -2.2289310038507856E+003          0.0000000000000000E+000          0.0000000000000000E+000          3.2549080820284798E+003 
                             435          4.6863574948951446E+003          2.0000000000000000E+001          3.7905957731280515E+000          4.4782347902259358E+000          2.1811846853094905E+000          6.3668690737916265E+000         -2.7175990012675499E+000          1.1826684871141554E+001         -8.4068447840554619E+000          4.4782347834902394E+000         -2.2617579874832322E+003          0.0000000000000000E+000          0.0000000000000000E+000          3.2827800802934798E+003 
                             440          4.7317985144069416E+003          2.0000000000000000E+001          3.7955172501152603E+000          4.4783125638379460E+000          2.1713806181410780E+000          6.3732972506538754E+000         -2.7003760603909304E+000          1.1850566101535614E+001         -8.3360380918577324E+000          4.4783126022481250E+000         -2.2981293109905773E+003          0.0000000000000000E+000          0.0000000000000000E+000          3.3188296355935527E+003 
                             445          4.7786283419921519E+003          2.0000000000000000E+001          3.8004977484085303E+000          4.4782066963330616E+000          2.1613666878020963E+000          6.3798226916503857E+000         -2.6828453723618906E+000          1.1874851668743405E+001         -8.2643819673227483E+000          4.4782066436216121E+000         -2.3208429933171783E+003          0.0000000000000000E+000          0.0000000000000000E+000          3.3484034901658201E+003 
                             450          4.8262886899627274E+003          2.0000000000000000E+001          3.8054931333402497E+000          4.4779449498961634E+000          2.1512450447202074E+000          6.3863607061021872E+000         -2.6652264050572474E+000          1.1899229896179440E+001         -8.1928093671109359E+000          4.4779449430758085E+000         -2.3742165269249022E+003          0.0000000000000000E+000          0.0000000000000000E+000          3.3911529130259196E+003 
                             455          4.8757194979604465E+003          2.0000000000000000E+001          3.8105646170539882E+000          4.4774937033353508E+000          2.1408764540123260E+000          6.3930311111691482E+000         -2.6471932977000012E+000          1.1924156764579200E+001         -8.1200021423983699E+000          4.4774937288193568E+000         -2.3917032817594982E+003          0.0000000000000000E+000          0.0000000000000000E+000          3.4223436803430104E+003 
                             460          4.9275073276996336E+003          2.0000000000000000E+001          3.8157895901563350E+000          4.4769468065411333E+000          2.1301530594105222E+000          6.3999009111412146E+000         -2.6285511797197620E+000          1.1949888372541835E+001         -8.0452377416770684E+000          4.4769468027123107E+000         -2.4295899799615358E+003          0.0000000000000000E+000          0.0000000000000000E+000          3.4715293026650620E+003 
                             465          4.9807653701034869E+003          2.0000000000000000E+001          3.8210477107290357E+000          4.4762396930838486E+000          2.1192832615364794E+000          6.4068396843494355E+000         -2.6096442602938144E+000          1.1975952558275424E+001         -7.9699380356025582E+000          4.4762397069046393E+000         -2.4604548835112664E+003          0.0000000000000000E+000          0.0000000000000000E+000          3.5207187741153220E+003 
                             470          5.0365374413080162E+003          2.0000000000000000E+001          3.8264393946269921E+000          4.4754138774583803E+000          2.1080869859278319E+000          6.4139707331967575E+000         -2.5901276713344390E+000          1.2002813967477231E+001         -7.8927637177166936E+000          4.4754138788900022E+000         -2.4837713140080559E+003          0.0000000000000000E+000          0.0000000000000000E+000          3.5667554371123065E+003 
                             475          5.0953027211164881E+003          2.0000000000000000E+001          3.8319906366992953E+000          4.4744410888260617E+000          2.0964981074670668E+000          6.4213376325562734E+000         -2.5698661056162515E+000          1.2030653620881743E+001         -7.8132637622341763E+000          4.4744411107103987E+000         -2.5107252993039333E+003          0.0000000000000000E+000          0.0000000000000000E+000          3.6205793102321600E+003 
                             480          5.1573016942702279E+003          2.0000000000000000E+001          3.8377069042632974E+000          4.4733359613113288E+000          2.0845130085816961E+000          6.4289501564639844E+000         -2.5488141717563990E+000          1.2059525188421858E+001         -7.7313401070033896E+000          4.4733359775821331E+000         -2.5322081518578225E+003          0.0000000000000000E+000          0.0000000000000000E+000          3.6807198919047987E+003 
                             485          5.2228516759569920E+003          2.0000000000000000E+001          3.8435969022382799E+000          4.4720666354982619E+000          2.0720983497251986E+000          6.4368244221467021E+000         -2.5269083781788764E+000          1.2089503099346883E+001         -7.6468454838201980E+000          4.4720666376442475E+000         -2.5577390108598752E+003          0.0000000000000000E+000          0.0000000000000000E+000          3.7474881352097450E+003 
                             490          5.2923721365036763E+003          2.0000000000000000E+001          3.8496767691265723E+000          4.4706370524061692E+000          2.0592238244025669E+000          6.4449871645009980E+000         -2.5040589611301844E+000          1.2120702847638359E+001         -7.5595225312816519E+000          4.4706370721718116E+000         -2.5808608685811682E+003          0.0000000000000000E+000          0.0000000000000000E+000          3.8108424113081564E+003 
                             495          5.3650788179220890E+003          2.0000000000000000E+001          3.8558606266763409E+000          4.4690784854587964E+000          2.0460768258293425E+000          6.4533225067112499E+000         -2.4805660117845321E+000          1.2152702828841321E+001         -7.4706278275621827E+000          4.4690785040048411E+000         -2.6099749315253193E+003          0.0000000000000000E+000          0.0000000000000000E+000          3.8873427596711522E+003 
                             500          5.4418719513591677E+003          2.0000000000000000E+001          3.8622036944271505E+000          4.4673567364398101E+000          2.0325298158182310E+000          6.4619104819233089E+000         -2.4561891453058458E+000          1.2185826088743367E+001         -7.3793264002311796E+000          4.4673567429226324E+000         -2.6354757677605708E+003          0.0000000000000000E+000          0.0000000000000000E+000          3.9649502718306389E+003 
                             505          5.5226209392019264E+003          2.0000000000000000E+001          3.8686635264274001E+000          4.4654215035191678E+000          2.0186425353574111E+000          6.4707101145160131E+000         -2.4310279760302196E+000          1.2219931110639104E+001         -7.2860757831206984E+000          4.4654215196675509E+000         -2.6626947702188340E+003          0.0000000000000000E+000          0.0000000000000000E+000          4.0411235449043147E+003 
                             510          5.6076829220682785E+003          2.0000000000000000E+001          3.8752479369103083E+000          4.4632818548822106E+000          2.0044038900731156E+000          6.4797342790263528E+000         -2.4050223825841424E+000          1.2255085972290608E+001         -7.1907722285445086E+000          4.4632818577929196E+000         -2.6894135934179508E+003          0.0000000000000000E+000          0.0000000000000000E+000          4.1233049829319161E+003 
                             515          5.6967842011035973E+003          2.0000000000000000E+001          3.8819170082718646E+000          4.4609381162398192E+000          1.9898938780288074E+000          6.4889302396828832E+000         -2.3783101661377000E+000          1.2291098650916567E+001         -7.0940087490922945E+000          4.4609381627310851E+000         -2.7154715448961128E+003          0.0000000000000000E+000          0.0000000000000000E+000          4.2039289926097435E+003 
                             520          5.7899678258748436E+003          2.0000000000000000E+001          3.8886552318709073E+000          4.4584207916277574E+000          1.9751587685246905E+000          6.4982795355188276E+000         -2.3509318229545699E+000          1.2327905899717251E+001         -6.9960153270000571E+000          4.4584208340413607E+000         -2.7466173120821068E+003          0.0000000000000000E+000          0.0000000000000000E+000          4.2831800107261597E+003 
                             525          5.8871760698317512E+003          2.0000000000000000E+001          3.8954262641518058E+000          4.4556914256028302E+000          1.9602520209504295E+000          6.5077565729223537E+000         -2.3229496972889812E+000          1.2365417200412239E+001         -6.8970989681251629E+000          4.4556914340808236E+000         -2.7727269238751387E+003          0.0000000000000000E+000          0.0000000000000000E+000          4.3698834757666400E+003 
