                          1                           2                           3                           4                           5                           6                           7                           8                           9                          10                          11                          12                          13                          14                          15                          16                          17                          18                          19                          20                          21                          22                          23                          24                          25                          26                          27                          28                          29                          30                          31                          32                          33                          34                          35                          36                          37                          38                          39                          40                          41                          42                          43                          44                          45 
               model_number                   num_zones                initial_mass                   initial_z                    star_age                   time_step                        Teff               photosphere_L               photosphere_r                  center_eta                   center_h1                  center_he3                  center_he4                  center_c12                  center_n14                  center_o16                 center_ne20                   star_mass                   star_mdot                star_mass_h1               star_mass_he3               star_mass_he4               star_mass_c12               star_mass_n14               star_mass_o16              star_mass_ne20                he_core_mass                 c_core_mass                 o_core_mass                si_core_mass                fe_core_mass      neutron_rich_core_mass                  tau10_mass                tau10_radius                 tau100_mass               tau100_radius                dynamic_time                kh_timescale               nuc_timescale              power_nuc_burn                power_h_burn               power_he_burn                   power_neu                   burn_min1                   burn_min2 
                         50                         427     2.0000000000000000E+001     2.0000000000000000E-002     4.5497190750010674E-001     7.5836984583351114E-002     3.7994081543859879E+003     3.4389014883242373E+004     4.2858483803822497E+002    -1.3300111770629881E+001     7.0000000000000007E-001     2.9797635251138567E-005     2.7997020236474890E-001     3.4416106108120350E-003     1.0081585468366041E-003     9.3604466091399777E-003     2.0994599496976488E-003     2.0000000000000000E+001     0.0000000000000000E+000     1.4000000000000007E+001     5.9595270502277125E-004     5.5994040472949749E+000     6.8832212216240626E-002     2.0163170936732071E-002     1.8720893218279935E-001     4.1989198993953002E-002     0.0000000000000000E+000     0.0000000000000000E+000     0.0000000000000000E+000     0.0000000000000000E+000     0.0000000000000000E+000     0.0000000000000000E+000     1.9997026503658102E+001     4.2674525346179121E+002     1.9996444295884224E+001     4.2643405722970908E+002     1.9864323450370405E+007     6.3706389449031963E+002     5.8158106790508609E+006     1.5905450381092511E-022     1.5905450381092511E-022     0.0000000000000000E+000     6.3632374781709431E-024     5.0000000000000000E+001     1.0000000000000000E+003 

                          1                           2                           3                           4                           5                           6 
                       zone                           q                        logR                        logT                      logRho                        logP 
                          1     1.0000000000000000E+000     2.6320368030268404E+000     3.5797159509948209E+000    -8.6199148795692810E+000     2.7645190442130105E+000 
                          2     9.9999999999900002E-001     2.6320368030052474E+000     3.5797159632985887E+000    -8.6199150472616193E+000     2.7645190442574914E+000 
                          3     9.9999999997519051E-001     2.6320368024911467E+000     3.5797160046260266E+000    -8.6199155198470674E+000     2.7645171047139776E+000 
                          4     9.9999999991566668E-001     2.6320368012058939E+000     3.5797160872809810E+000    -8.6199140486652635E+000     2.7645197429951702E+000 
                          5     9.9999999980852372E-001     2.6320367988924462E+000     3.5797162348793496E+000    -8.6199135271339564E+000     2.7645208297568122E+000 
                          6     9.9999999961804742E-001     2.6320367947796544E+000     3.5797165182685182E+000    -8.6199103417792244E+000     2.7645245291291891E+000 
                          7     9.9999999923709482E-001     2.6320367865541341E+000     3.5797170850506959E+000    -8.6199070797643955E+000     2.7645274019237758E+000 
                          8     9.9999999847518972E-001     2.6320367701032104E+000     3.5797182186335088E+000    -8.6198990149729084E+000     2.7645372855246575E+000 
                          9     9.9999999695137953E-001     2.6320367372019713E+000     3.5797204858575009E+000    -8.6198834400250153E+000     2.7645545181946214E+000 
                         10     9.9999999390375904E-001     2.6320366714018317E+000     3.5797250205271363E+000    -8.6198522949598129E+000     2.7645902766644763E+000 
                         11     9.9999998780851806E-001     2.6320365398108967E+000     3.5797340907872468E+000    -8.6197885788881532E+000     2.7646631901885690E+000 
                         12     9.9999997561803611E-001     2.6320362766672760E+000     3.5797522350827058E+000    -8.6196610668412550E+000     2.7648091982968435E+000 
                         13     9.9999995123707219E-001     2.6320357505331016E+000     3.5797885387010733E+000    -8.6194078159363823E+000     2.7650989128310317E+000 
                         14     9.9999990247514436E-001     2.6320346988724550E+000     3.5798612058951216E+000    -8.6189019874075292E+000     2.7656764542762060E+000 
                         15     9.9999980495128882E-001     2.6320325979766235E+000     3.5800067800738109E+000    -8.6178914745950728E+000     2.7668333747916605E+000 
                         16     9.9999960990357772E-001     2.6320284058591774E+000     3.5802988898277333E+000    -8.6158811632798340E+000     2.7691351434581191E+000 
                         17     9.9999921980815554E-001     2.6320200599830836E+000     3.5808869639991681E+000    -8.6119009676402598E+000     2.7737019256366904E+000 
                         18     9.9999843961731116E-001     2.6320035190858779E+000     3.5820786062897390E+000    -8.6040953016764306E+000     2.7826985268924544E+000 
                         19     9.9999687923562242E-001     2.6319710210622480E+000     3.5837104622335416E+000    -8.5940095272426724E+000     2.7944155079311299E+000 
                         20     9.9999531885393367E-001     2.6319392620079820E+000     3.5853847167515100E+000    -8.5842724638264922E+000     2.8058278879216836E+000 
                         21     9.9999375847224492E-001     2.6319082003431613E+000     3.5879739401276121E+000    -8.5701792821950757E+000     2.8225121118824483E+000 
                         22     9.9999060746705326E-001     2.6318474585618645E+000     3.5916120815877157E+000    -8.5524506677871539E+000     2.8438816994891489E+000 
                         23     9.9998745646186160E-001     2.6317891224437293E+000     3.5973379919954733E+000    -8.5277780372023528E+000     2.8742898004863791E+000 
                         24     9.9998109365862486E-001     2.6316777651153962E+000     3.6035512510899301E+000    -8.5053796059203215E+000     2.9029126193110848E+000 
                         25     9.9997788175667479E-001     2.6316243478898378E+000     3.6078161480617621E+000    -8.4914470123819541E+000     2.9211189393929327E+000 
                         26     9.9997466985472472E-001     2.6315725983509726E+000     3.6121766513944826E+000    -8.4782537589067601E+000     2.9386829610635439E+000 
                         27     9.9997142738372202E-001     2.6315219015305735E+000     3.6166067873513588E+000    -8.4657257207575185E+000     2.9556481808546344E+000 
                         28     9.9996818491271933E-001     2.6314726292529893E+000     3.6233127418048237E+000    -8.4480147464607445E+000     2.9800752927653229E+000 
                         29     9.9996163881608080E-001     2.6313770826617686E+000     3.6300972173024504E+000    -8.4315241184661769E+000     3.0033617909959966E+000 
                         30     9.9995833523491295E-001     2.6313306375371566E+000     3.6368820981974421E+000    -8.4160117615547279E+000     3.0256733389189931E+000 
                         31     9.9995169759805469E-001     2.6312405507548502E+000     3.6436205516151277E+000    -8.4014652447078628E+000     3.0469739575934121E+000 
                         32     9.9994836354236427E-001     2.6311967708589235E+000     3.6480864966102389E+000    -8.3921944551817393E+000     3.0607225863115817E+000 
                         33     9.9994499904588363E-001     2.6311535113362603E+000     3.6525131507588378E+000    -8.3832375461018511E+000     3.0741153075492305E+000 
                         34     9.9994163454940299E-001     2.6311111223249797E+000     3.6568924893229067E+000    -8.3745691198439882E+000     3.0871706426824659E+000 
                         35     9.9993823960200456E-001     2.6310691827210451E+000     3.6612192312924132E+000    -8.3661645748959117E+000     3.0999047159732078E+000 
                         36     9.9993484465460614E-001     2.6310280351303921E+000     3.6654915827721712E+000    -8.3580029233253796E+000     3.1123359130060884E+000 
                         37     9.9993141917768258E-001     2.6309872789372819E+000     3.6697100891684400E+000    -8.3500730892230379E+000     3.1244794200038020E+000 
                         38     9.9992799370075902E-001     2.6309472489956858E+000     3.6738778352471728E+000    -8.3423676304512906E+000     3.1363480785814630E+000 
                         39     9.9992453757393152E-001     2.6309075602201122E+000     3.6800656534480187E+000    -8.3312039544987933E+000     3.1536972379512456E+000 
                         40     9.9991759449363415E-001     2.6308298205523144E+000     3.6861501763980709E+000    -8.3205570480709277E+000     3.1704392065845632E+000 
                         41     9.9991410754016430E-001     2.6307917083960932E+000     3.6901972878219120E+000    -8.3137191431759661E+000     3.1813361831030211E+000 
                         42     9.9991058955180812E-001     2.6307538477675387E+000     3.6942560543858387E+000    -8.3071123465067664E+000     3.1920140957645673E+000 
                         43     9.9990707156345193E-001     2.6307165490617961E+000     3.6983532661699736E+000    -8.3007512091722031E+000     3.2024882149073970E+000 
                         44     9.9990352229655977E-001     2.6306794563596445E+000     3.7046212167232375E+000    -8.2916756996230152E+000     3.2178543114502021E+000 
                         45     9.9989639223388749E-001     2.6306064546905095E+000     3.7112903069089538E+000    -8.2834746514593736E+000     3.2327486154241174E+000 
                         46     9.9989281143810738E-001     2.6305704647243204E+000     3.7159355521005955E+000    -8.2784136817214815E+000     3.2424740106341825E+000 
                         47     9.9988919883662686E-001     2.6305345668441773E+000     3.7208398443344386E+000    -8.2737840854262714E+000     3.2520328682789970E+000 
                         48     9.9988558623514634E-001     2.6304990408416158E+000     3.7286779707507556E+000    -8.2676276226845609E+000     3.2660734707750607E+000 
                         49     9.9987829683919038E-001     2.6304283406318962E+000     3.7378664087500892E+000    -8.2631933357230309E+000     3.2797612945127197E+000 
                         50     9.9987461975758640E-001     2.6303930257980315E+000     3.7445676280762443E+000    -8.2610062768880930E+000     3.2887084169066130E+000 
                         51     9.9987094267598242E-001     2.6303578798065135E+000     3.7520416074007015E+000    -8.2597531340228372E+000     3.2975152735175333E+000 
                         52     9.9986723291179558E-001     2.6303225149858984E+000     3.7605383175277045E+000    -8.2596866015384300E+000     3.3061877749685280E+000 
                         53     9.9986352314760873E-001     2.6302871469431954E+000     3.7679349109735867E+000    -8.2607879370070094E+000     3.3126004899456314E+000 
                         54     9.9986165176988850E-001     2.6302692570643353E+000     3.7733075675559329E+000    -8.2620113508999964E+000     3.3168500214565380E+000 
                         55     9.9985978039216827E-001     2.6302513144979276E+000     3.7792141327520254E+000    -8.2638369942374954E+000     3.3210584555139624E+000 
                         56     9.9985790901444804E-001     2.6302332941094093E+000     3.7857877032398863E+000    -8.2664113290929553E+000     3.3252266438899243E+000 
                         57     9.9985603763672781E-001     2.6302151643220562E+000     3.7932316204352472E+000    -8.2699348851890200E+000     3.3293762401360945E+000 
                         58     9.9985414960995755E-001     2.6301967219058975E+000     3.8017438392668192E+000    -8.2746396404044216E+000     3.3335025126770472E+000 
                         59     9.9985226158318730E-001     2.6301780762268150E+000     3.8113327130169248E+000    -8.2805924572154908E+000     3.3375930829204914E+000 
                         60     9.9985037355641704E-001     2.6301591707624734E+000     3.8190466065944100E+000    -8.2857221439293127E+000     3.3406360426722097E+000 
                         61     9.9984942954303191E-001     2.6301496047763369E+000     3.8241998533694814E+000    -8.2892198198908869E+000     3.3426522847393150E+000 
                         62     9.9984848552964678E-001     2.6301399607977367E+000     3.8318421244243681E+000    -8.2944570126120105E+000     3.3456789885679705E+000 
                         63     9.9984658070005406E-001     2.6301202631022034E+000     3.8413320733524361E+000    -8.3008925180274229E+000     3.3496934902157744E+000 
                         64     9.9984467587046133E-001     2.6301002686060819E+000     3.8498322401481850E+000    -8.3064878029079754E+000     3.3536702758021111E+000 
                         65     9.9984277104086861E-001     2.6300800120259895E+000     3.8573766619451288E+000    -8.3112399305686715E+000     3.3576143422762903E+000 
                         66     9.9984086621127588E-001     2.6300595296958726E+000     3.8641190394850833E+000    -8.3152734993062669E+000     3.3615417322832957E+000 
                         67     9.9983894442247978E-001     2.6300386692074769E+000     3.8701820463289263E+000    -8.3186964918091224E+000     3.3654503322794165E+000 
                         68     9.9983702263368368E-001     2.6300176406104709E+000     3.8756548400557116E+000    -8.3216019208489502E+000     3.3693232636611654E+000 
                         69     9.9983510084488758E-001     2.6299964677746730E+000     3.8806349147457375E+000    -8.3240721170230429E+000     3.3731647081766680E+000 
                         70     9.9983317905609148E-001     2.6299751710444292E+000     3.8875011004878894E+000    -8.3272902961968942E+000     3.3788961654437144E+000 
                         71     9.9982930124301383E-001     2.6299318689183706E+000     3.8953679649704553E+000    -8.3303945964558910E+000     3.3864509396610298E+000 
                         72     9.9982542342993619E-001     2.6298882430673287E+000     3.9039789485764493E+000    -8.3333039576758328E+000     3.3957617553055428E+000 
                         73     9.9981955487940610E-001     2.6298217521348208E+000     3.9127145884627903E+000    -8.3353763743340785E+000     3.4067576012526470E+000 
                         74     9.9981365145679468E-001     2.6297545151145973E+000     3.9190140535827402E+000    -8.3362586731078583E+000     3.4157544504693655E+000 
                         75     9.9980970421769322E-001     2.6297094491393671E+000     3.9236446423033380E+000    -8.3366812567242867E+000     3.4228640349544013E+000 
                         76     9.9980572178800897E-001     2.6296639228842542E+000     3.9279248833716127E+000    -8.3368267791279731E+000     3.4298967294960971E+000 
                         77     9.9980173935832473E-001     2.6296183670427551E+000     3.9338911259659093E+000    -8.3367758017214992E+000     3.4402996869630669E+000 
                         78     9.9979370347446128E-001     2.6295264100215019E+000     3.9408793321525857E+000    -8.3358189086612562E+000     3.4539032659079223E+000 
                         79     9.9978559591354821E-001     2.6294337779334009E+000     3.9471144015209072E+000    -8.3343030020551563E+000     3.4672223221527894E+000 
                         80     9.9977741601643011E-001     2.6293405852309952E+000     3.9527486488832420E+000    -8.3323350885761052E+000     3.4802657892518698E+000 
                         81     9.9976916312022135E-001     2.6292469255201669E+000     3.9578934993820334E+000    -8.3299942801010864E+000     3.4930569927417938E+000 
                         82     9.9976083656223702E-001     2.6291528768424297E+000     3.9626322351907239E+000    -8.3273595950280370E+000     3.5055951922635611E+000 
                         83     9.9975243567780225E-001     2.6290585011512726E+000     3.9670286888427371E+000    -8.3244813877265660E+000     3.5179044594102047E+000 
                         84     9.9974395979884401E-001     2.6289638501497983E+000     3.9731985536716099E+000    -8.3200294076772821E+000     3.5359858103696560E+000 
                         85     9.9972678035504803E-001     2.6287737753018954E+000     3.9804665538326818E+000    -8.3132335490622093E+000     3.5593171888707200E+000 
                         86     9.9970929276725717E-001     2.6285830445108198E+000     3.9870097499112567E+000    -8.3059695721911933E+000     3.5818868806008668E+000 
                         87     9.9969149149315806E-001     2.6283918608010746E+000     3.9929798273998478E+000    -8.2983644789156603E+000     3.6037518513789646E+000 
                         88     9.9967337091955633E-001     2.6282003732029748E+000     3.9984870355040676E+000    -8.2905091916116547E+000     3.6249709785170889E+000 
                         89     9.9965492535237788E-001     2.6280086917067651E+000     4.0036138288617149E+000    -8.2824804991209877E+000     3.6455917400820010E+000 
                         90     9.9963614900843734E-001     2.6278168929725525E+000     4.0084233161235634E+000    -8.2743198202975048E+000     3.6656531453394625E+000 
                         91     9.9961703601146690E-001     2.6276250356846975E+000     4.0129648114892955E+000    -8.2660500926930176E+000     3.6851995056198197E+000 
                         92     9.9959758039305757E-001     2.6274331686301524E+000     4.0172776247650388E+000    -8.2576960990730068E+000     3.7042671817295010E+000 
                         93     9.9957777609124798E-001     2.6272413298208561E+000     4.0213936579185541E+000    -8.2492751398592681E+000     3.7228836608729674E+000 
                         94     9.9955761695019063E-001     2.6270495497711703E+000     4.0253391586307661E+000    -8.2408082307759400E+000     3.7410761388082263E+000 
                         95     9.9953709671656488E-001     2.6268578498143631E+000     4.0291359251292551E+000    -8.2323084103108304E+000     3.7588763861623233E+000 
                         96     9.9951620903672267E-001     2.6266662456022782E+000     4.0328022676573312E+000    -8.2237983142934628E+000     3.7763063074016388E+000 
                         97     9.9949494745289347E-001     2.6264747428467379E+000     4.0363537961698750E+000    -8.2152906683030142E+000     3.7933859888695798E+000 
                         98     9.9947330540031276E-001     2.6262833416838318E+000     4.0398040097278036E+000    -8.2068002849800372E+000     3.8101370592533885E+000 
                         99     9.9945127620617513E-001     2.6260920357628192E+000     4.0431647289665431E+000    -8.1983358961173582E+000     3.8265765744169884E+000 
                        100     9.9942885308783136E-001     2.6259008149270961E+000     4.0464463692503871E+000    -8.1899047613844562E+000     3.8427213483912550E+000 
                        101     9.9940602915152621E-001     2.6257096658657586E+000     4.0496581577990227E+000    -8.1815186199260541E+000     3.8585888859141479E+000 
                        102     9.9938279739071711E-001     2.6255185701386390E+000     4.0528083425665971E+000    -8.1731727343154326E+000     3.8741904886627423E+000 
                        103     9.9935915068386771E-001     2.6253275114193433E+000     4.0559043839996738E+000    -8.1648754836656003E+000     3.8895424839254034E+000 
                        104     9.9933508179195740E-001     2.6251364697117130E+000     4.0589531039305564E+000    -8.1566240066653286E+000     3.9046575272992903E+000 
                        105     9.9931058335635248E-001     2.6249454262855725E+000     4.0619607951512577E+000    -8.1484224956662761E+000     3.9195430086346637E+000 
                        106     9.9928564789601482E-001     2.6247543605597454E+000     4.0649332506984033E+000    -8.1402673782315613E+000     3.9342139261647464E+000 
                        107     9.9926026780538280E-001     2.6245632535097503E+000     4.0678757596420914E+000    -8.1321639252035265E+000     3.9486787264287146E+000 
                        108     9.9923443535207290E-001     2.6243720837672253E+000     4.0707931592751860E+000    -8.1241120192937029E+000     3.9629457421143748E+000 
                        109     9.9920814267494762E-001     2.6241808299817930E+000     4.0736899052776696E+000    -8.1161086572199590E+000     3.9770260264769597E+000 
                        110     9.9918138178200933E-001     2.6239894720856918E+000     4.0765701563284527E+000    -8.1081550567561287E+000     3.9909289266847168E+000 
                        111     9.9915414454802243E-001     2.6237979894269934E+000     4.0794378597964922E+000    -8.1002574113391699E+000     4.0046566262469954E+000 
                        112     9.9912642271247498E-001     2.6236063585642304E+000     4.0822968234141346E+000    -8.0924093574077833E+000     4.0182207818258462E+000 
                        113     9.9909820787711046E-001     2.6234145587931579E+000     4.0851508087757589E+000    -8.0846178487676212E+000     4.0316294440404867E+000 
                        114     9.9906949150385493E-001     2.6232225662623638E+000     4.0894612376350850E+000    -8.0730325594781700E+000     4.0515375597605239E+000 
                        115     9.9901051927803741E-001     2.6228379019787247E+000     4.0951872986628342E+000    -8.0578360776169973E+000     4.0774782035281785E+000 
                        116     9.9894943484360010E-001     2.6224521358756157E+000     4.1009639394047133E+000    -8.0429112948312103E+000     4.1028965709721286E+000 
                        117     9.9888616461411439E-001     2.6220650320729408E+000     4.1068241632940232E+000    -8.0282638513523068E+000     4.1278273155724188E+000 
                        118     9.9882063252236020E-001     2.6216763466101338E+000     4.1128020735756712E+000    -8.0139097876561216E+000     4.1523066738692345E+000 
                        119     9.9875275993329871E-001     2.6212858174744103E+000     4.1189329849975165E+000    -7.9998590408287900E+000     4.1763694380926086E+000 
                        120     9.9868246556418161E-001     2.6208931693027999E+000     4.1252533429989988E+000    -7.9861242043756748E+000     4.2000388701489921E+000 
                        121     9.9860966539942608E-001     2.6204981101509697E+000     4.1318014002301071E+000    -7.9727284882111960E+000     4.2233435237018844E+000 
                        122     9.9853427258861360E-001     2.6201003207064701E+000     4.1386184186920882E+000    -7.9596974907235802E+000     4.2463099223563905E+000 
                        123     9.9845619733797286E-001     2.6196994505768250E+000     4.1457478264730216E+000    -7.9470650948483090E+000     4.2689577278277682E+000 
                        124     9.9837534679893092E-001     2.6192951087687226E+000     4.1532299990225248E+000    -7.9348534648838518E+000     4.2913062576024235E+000 
                        125     9.9829162496540869E-001     2.6188868723978986E+000     4.1610933992277763E+000    -7.9230705788973994E+000     4.3133778783669525E+000 
                        126     9.9820493256414800E-001     2.6184742979537172E+000     4.1693430578983639E+000    -7.9117108637125257E+000     4.3351848870386060E+000 
                        127     9.9811516693068048E-001     2.6180569324197980E+000     4.1779432213690706E+000    -7.9007205778002412E+000     4.3567456052032485E+000 
                        128     9.9802222187790168E-001     2.6176343588020643E+000     4.1867993693960912E+000    -7.8899986501182999E+000     4.3780762444838190E+000 
                        129     9.9792598753336026E-001     2.6172062439497741E+000     4.1957603471630716E+000    -7.8794057052200221E+000     4.3991916658043948E+000 
                        130     9.9782635014343590E-001     2.6167723810026433E+000     4.2046476689459213E+000    -7.8688031144153170E+000     4.4200964947187922E+000 
                        131     9.9772319188942771E-001     2.6163326957192159E+000     4.2132950495173809E+000    -7.8580524534034382E+000     4.4408150421942700E+000 
                        132     9.9761639069151076E-001     2.6158872537883848E+000     4.2215824520029868E+000    -7.8470614286186748E+000     4.4613483787755355E+000 
                        133     9.9750581998822974E-001     2.6154362203629162E+000     4.2294527245271709E+000    -7.8357901857841092E+000     4.4817114993928309E+000 
                        134     9.9739134846600397E-001     2.6149798094356327E+000     4.2369070679624352E+000    -7.8242481305300942E+000     4.5019134183804663E+000 
                        135     9.9727283977528214E-001     2.6145182329273533E+000     4.2439857118240232E+000    -7.8124835598254689E+000     4.5219623351462879E+000 
                        136     9.9715015226079862E-001     2.6140516578698487E+000     4.2507463893286719E+000    -7.8005449055261176E+000     4.5418704541549486E+000 
                        137     9.9702313877646709E-001     2.6135802038256375E+000     4.2572508405672158E+000    -7.7884809352683151E+000     4.5616414716345419E+000 
                        138     9.9689164673629771E-001     2.6131039410922514E+000     4.2635596761473868E+000    -7.7763439311238498E+000     4.5812861281546819E+000 
                        139     9.9675551860005451E-001     2.6126228869016646E+000     4.2697299629781469E+000    -7.7641800863406720E+000     4.6008083862094793E+000 
                        140     9.9661459333673807E-001     2.6121370153196217E+000     4.2758132960422923E+000    -7.7520236322158373E+000     4.6202164985736633E+000 
                        141     9.9646870940609000E-001     2.6116462786016239E+000     4.2818567717569760E+000    -7.7399087957292751E+000     4.6395156713615311E+000 
                        142     9.9631770774986494E-001     2.6111506143825318E+000     4.2879047584008356E+000    -7.7278684829127462E+000     4.6587104216739617E+000 
                        143     9.9616143342991226E-001     2.6106499488967239E+000     4.2939990979180784E+000    -7.7159421040882856E+000     4.6778006275395319E+000 
                        144     9.9599973558224641E-001     2.6101441853368055E+000     4.3001795642637859E+000    -7.7041566132778883E+000     4.6967874028896084E+000 
                        145     9.9583246014376658E-001     2.6096331921460854E+000     4.3064846369311471E+000    -7.6925437330050341E+000     4.7156770337993494E+000 
                        146     9.9565944386874350E-001     2.6091167780129414E+000     4.3129498932750607E+000    -7.6811341711057262E+000     4.7344708740051908E+000 
                        147     9.9548051171296359E-001     2.6085946851580251E+000     4.3196051044265582E+000    -7.6699557433015348E+000     4.7531700390607972E+000 
                        148     9.9529547590459611E-001     2.6080665902432258E+000     4.3264723551541184E+000    -7.6590261701453626E+000     4.7717830997379398E+000 
                        149     9.9510413671811460E-001     2.6075321189336416E+000     4.3335674668957695E+000    -7.6483524828764038E+000     4.7903096512956429E+000 
                        150     9.9490628379297441E-001     2.6069908627797358E+000     4.3409025608661853E+000    -7.6379364698536056E+000     4.8087572919274351E+000 
                        151     9.9470169667890052E-001     2.6064423872887734E+000     4.3484846630016945E+000    -7.6277811875924728E+000     4.8271280772783287E+000 
                        152     9.9449014540367497E-001     2.6058862317664220E+000     4.3563100516885065E+000    -7.6178768018629954E+000     4.8454295851609519E+000 
                        153     9.9427139004571163E-001     2.6053219245478170E+000     4.3643585083687295E+000    -7.6082068605899842E+000     4.8636668911025405E+000 
                        154     9.9404517946365278E-001     2.6047489890402766E+000     4.3725951030943042E+000    -7.5987349401999236E+000     4.8818433059632502E+000 
                        155     9.9381125250489111E-001     2.6041669748265175E+000     4.3809789047816468E+000    -7.5894241658785173E+000     4.8999619559806291E+000 
                        156     9.9356933926701274E-001     2.6035754643327165E+000     4.3894696613025337E+000    -7.5802420127122652E+000     4.9180299910381162E+000 
                        157     9.9331916096791528E-001     2.6029740695592052E+000     4.3980301601038478E+000    -7.5711502328661666E+000     4.9360487228273051E+000 
                        158     9.9306042681811524E-001     2.6023624356983750E+000     4.4066277256198765E+000    -7.5621212842266017E+000     4.9540234190931347E+000 
                        159     9.9279283160454801E-001     2.6017402243680663E+000     4.4152352537777304E+000    -7.5531245322844311E+000     4.9719620270436797E+000 
                        160     9.9251605667243892E-001     2.6011071240512353E+000     4.4238315892576203E+000    -7.5441403537233391E+000     4.9898623851827280E+000 
                        161     9.9222977637981913E-001     2.6004628522881741E+000     4.4324010782835854E+000    -7.5351506864270199E+000     5.0077353529746524E+000 
                        162     9.9193366517223780E-001     2.5998071710754735E+000     4.4387617722679122E+000    -7.5284003234306232E+000     5.0210706328180796E+000 
                        163     9.9178182138330551E-001     2.5994749963203292E+000     4.4430166202983434E+000    -7.5238941594971402E+000     5.0299840692709559E+000 
                        164     9.9162739795749621E-001     2.5991398939310342E+000     4.4472594773483412E+000    -7.5193801194111947E+000     5.0388923265072707E+000 
                        165     9.9147035431810282E-001     2.5988018443679994E+000     4.4536424825866199E+000    -7.5125987348136887E+000     5.0522862055862463E+000 
                        166     9.9114824378923672E-001     2.5981168012678260E+000     4.4620476868337677E+000    -7.5035308682786406E+000     5.0700629635000114E+000 
                        167     9.9081516335026076E-001     2.5974197457474806E+000     4.4703936450418809E+000    -7.4944310362988258E+000     5.0878104309681556E+000 
                        168     9.9047078311293002E-001     2.5967105502112187E+000     4.4786756295363235E+000    -7.4852894235161349E+000     5.1055362218598939E+000 
                        169     9.9011476729886838E-001     2.5959891082636872E+000     4.4868884391188670E+000    -7.4761043413247705E+000     5.1232405679882493E+000 
                        170     9.8974677161279634E-001     2.5952553169261621E+000     4.4950261128237621E+000    -7.4668671281301169E+000     5.1409207887795203E+000 
                        171     9.8936644170131938E-001     2.5945090861791189E+000     4.5030815362662837E+000    -7.4575751179530618E+000     5.1585749205755409E+000 
                        172     9.8897341227568003E-001     2.5937503283590559E+000     4.5090202998860347E+000    -7.4505576771734852E+000     5.1717622241719940E+000 
                        173     9.8877201820950711E-001     2.5933662481141107E+000     4.5129783963674468E+000    -7.4458604949956442E+000     5.1805736794907018E+000 
                        174     9.8856730752415867E-001     2.5929790122244243E+000     4.5169103100199006E+000    -7.4411448715432158E+000     5.1893797719713799E+000 
                        175     9.8835923176848295E-001     2.5925886143944727E+000     4.5228006371872942E+000    -7.4340388638954824E+000     5.2026221460206381E+000 
                        176     9.8793278902116899E-001     2.5917982791832839E+000     4.5304851334301928E+000    -7.4244705207492352E+000     5.2202033436257480E+000 
                        177     9.8749229381366355E-001     2.5909952831079175E+000     4.5361118854521383E+000    -7.4172134786825739E+000     5.2333346906772809E+000 
                        178     9.8726665150028059E-001     2.5905890737173518E+000     4.5398472983900042E+000    -7.4123417147416131E+000     5.2421112689519971E+000 
                        179     9.8703734572963797E-001     2.5901797226056682E+000     4.5435418397427005E+000    -7.4074366242431733E+000     5.2508800711725021E+000 
                        180     9.8680432607019064E-001     2.5897672442116915E+000     4.5490504103665526E+000    -7.4000211582731454E+000     5.2640683509214137E+000 
                        181     9.8632694384199571E-001     2.5889329309322742E+000     4.5561630699865132E+000    -7.3899798347856418E+000     5.2815784162774326E+000 
                        182     9.8583410667169646E-001     2.5880863932409000E+000     4.5613148059576254E+000    -7.3823249076076927E+000     5.2946580443115394E+000 
                        183     9.8558177011646020E-001     2.5876586531430514E+000     4.5647162652408744E+000    -7.3771765196931662E+000     5.3033962862105879E+000 
                        184     9.8532542391208588E-001     2.5872279619982352E+000     4.5697648448653565E+000    -7.3693844694218047E+000     5.3165309622983363E+000 
                        185     9.8480051542687497E-001     2.5863578376452208E+000     4.5762283019031855E+000    -7.3588015672354894E+000     5.3339724374714512E+000 
                        186     9.8425902075263827E-001     2.5854765124713701E+000     4.5824605311563786E+000    -7.3480252790750784E+000     5.3513826418976294E+000 
                        187     9.8370059318809233E-001     2.5845844554790030E+000     4.5884627850345892E+000    -7.3370620027829299E+000     5.3687620400677263E+000 
                        188     9.8312489380836143E-001     2.5836821579759395E+000     4.5942412776963053E+000    -7.3259205448273983E+000     5.3861094200031987E+000 
                        189     9.8253159026519377E-001     2.5827701241210024E+000     4.5998062035329834E+000    -7.3146160837627612E+000     5.4034184519259849E+000 
                        190     9.8192034048259058E-001     2.5818488301023446E+000     4.6051705536717291E+000    -7.3031653344794476E+000     5.4206884921212986E+000 
                        191     9.8129077880556381E-001     2.5809186989464541E+000     4.6103493029319802E+000    -7.2915857467001723E+000     5.4379170750769505E+000 
                        192     9.8064250769064731E-001     2.5799800869673279E+000     4.6153587182163260E+000    -7.2798906417221918E+000     5.4551029114401812E+000 
                        193     9.7997509371771785E-001     2.5790332881338158E+000     4.6202157290224264E+000    -7.2680974035403718E+000     5.4722468143151177E+000 
                        194     9.7928806563738557E-001     2.5780785242107775E+000     4.6249374367841218E+000    -7.2562186250427407E+000     5.4893508209483217E+000 
                        195     9.7858091266382052E-001     2.5771159547187179E+000     4.6295405112884662E+000    -7.2442687842852145E+000     5.5064144792863754E+000 
                        196     9.7785308793294978E-001     2.5761456794922237E+000     4.6340407543448938E+000    -7.2322614127823446E+000     5.5234370544140345E+000 
                        197     9.7710401326498530E-001     2.5751677485903595E+000     4.6384531007553234E+000    -7.2202058343700468E+000     5.5404247230842802E+000 
                        198     9.7633308159815524E-001     2.5741821760195736E+000     4.6427917201471853E+000    -7.2081170988732790E+000     5.5573788717112169E+000 
                        199     9.7553965777859386E-001     2.5731889286150791E+000     4.6470700145856867E+000    -7.1960049638707577E+000     5.5743005241346646E+000 
                        200     9.7472308011707798E-001     2.5721879405382739E+000     4.6513005773020772E+000    -7.1838829739535379E+000     5.5911901781417255E+000 
                        201     9.7388266123962974E-001     2.5711791060082971E+000     4.6554953409385655E+000    -7.1717580574648050E+000     5.6080542693234143E+000 
                        202     9.7301769184261044E-001     2.5701622992751130E+000     4.6596657656213170E+000    -7.1596388856078574E+000     5.6248923791920005E+000 
                        203     9.7212744397075601E-001     2.5691373744167394E+000     4.6638228790722325E+000    -7.1475324248862204E+000     5.6417043464992984E+000 
                        204     9.7121116998526857E-001     2.5681041678433911E+000     4.6679770657338926E+000    -7.1354448566451714E+000     5.6584976565476186E+000 
                        205     9.7026810093375560E-001     2.5670624981519565E+000     4.6721379220789983E+000    -7.1233797709347684E+000     5.6752698278078650E+000 
                        206     9.6929744533999762E-001     2.5660121710045209E+000     4.6763144617115184E+000    -7.1113463865764910E+000     5.6920250237659280E+000 
                        207     9.6829838856212758E-001     2.5649529648416953E+000     4.6805154484880536E+000    -7.0993530490089132E+000     5.7087593647836785E+000 
                        208     9.6727009111677131E-001     2.5638846308637024E+000     4.6847496829602644E+000    -7.0874021552219322E+000     5.7254830968282313E+000 
                        209     9.6621168658654022E-001     2.5628069053795643E+000     4.6890260384199127E+000    -7.0755054303837559E+000     5.7421936200843327E+000 
                        210     9.6512228002017553E-001     2.5617194851033864E+000     4.6933533235238123E+000    -7.0636675885689275E+000     5.7588904547633266E+000 
                        211     9.6400094990459750E-001     2.5606220461982772E+000     4.6977401803850114E+000    -7.0518994389932459E+000     5.7755760412777883E+000 
                        212     9.6284674912018697E-001     2.5595142294021360E+000     4.7021949855053116E+000    -7.0401955504632721E+000     5.7922576496624112E+000 
                        213     9.6165870406880527E-001     2.5583956801032528E+000     4.7067257042096973E+000    -7.0285717930146934E+000     5.8089280596056465E+000 
                        214     9.6043581374159548E-001     2.5572659926478640E+000     4.7113396894475867E+000    -7.0170267457265219E+000     5.8255946856954708E+000 
                        215     9.5917704905127066E-001     2.5561247534803133E+000     4.7160435145247392E+000    -7.0055688776688259E+000     5.8422547605396762E+000 
                        216     9.5788135276187447E-001     2.5549715149177263E+000     4.7208428609981228E+000    -6.9941996197286045E+000     5.8589128193780047E+000 
                        217     9.5654763980328306E-001     2.5538058131917727E+000     4.7257423733600232E+000    -6.9829193708381121E+000     5.8755730242157682E+000 
                        218     9.5517479849549014E-001     2.5526271719148692E+000     4.7307456495655362E+000    -6.9717334118623411E+000     5.8922300976837656E+000 
                        219     9.5376169252244891E-001     2.5514350898921654E+000     4.7358551439318681E+000    -6.9606435627775882E+000     5.9088873017736221E+000 
                        220     9.5230716309425445E-001     2.5502290512533294E+000     4.7410718800264151E+000    -6.9496471614404891E+000     5.9255488437279267E+000 
                        221     9.5081003318908319E-001     2.5490085405640972E+000     4.7463952751042990E+000    -6.9387459565344107E+000     5.9422091802131281E+000 
                        222     9.4926911309553241E-001     2.5477730341362781E+000     4.7518232578143715E+000    -6.9279356683733768E+000     5.9588746723480757E+000 
                        223     9.4768320148987450E-001     2.5465220167878737E+000     4.7573523514716349E+000    -6.9172147905890089E+000     5.9755440013331489E+000 
                        224     9.4605108581523067E-001     2.5452549734517413E+000     4.7629775804885321E+000    -6.9065772353485384E+000     5.9922160021213724E+000 
                        225     9.4437154700741355E-001     2.5439714053905789E+000     4.7686926171869670E+000    -6.8960172654707916E+000     6.0088929825487956E+000 
                        226     9.4264336388490677E-001     2.5426708321248155E+000     4.7744902356484102E+000    -6.8855269274394653E+000     6.0255759818361998E+000 
                        227     9.4086530970371185E-001     2.5413527951562509E+000     4.7803626402381330E+000    -6.8751021569582491E+000     6.0422587237992449E+000 
                        228     9.3903615207052415E-001     2.5400168460857735E+000     4.7863015924954597E+000    -6.8647320069342674E+000     6.0589474595542807E+000 
                        229     9.3715465454839486E-001     2.5386625688890012E+000     4.7922986853777640E+000    -6.8544118625329196E+000     6.0756377877067083E+000 
                        230     9.3521957386604726E-001     2.5372895587790909E+000     4.7983456361599277E+000    -6.8441344503955976E+000     6.0923324548501725E+000 
                        231     9.3322965697923566E-001     2.5358974286017157E+000     4.8044344471551623E+000    -6.8338919812508534E+000     6.1090293781352383E+000 
                        232     9.3118364007212950E-001     2.5344858104487660E+000     4.8105576097047837E+000    -6.8236823663177715E+000     6.1257263388479171E+000 
                        233     9.2908024498759079E-001     2.5330543351854402E+000     4.8167083088941505E+000    -6.8134952644120128E+000     6.1424260139304376E+000 
                        234     9.2691817472656923E-001     2.5316026569215331E+000     4.8228805432682051E+000    -6.8033307378456254E+000     6.1591241300906594E+000 
                        235     9.2469610989209239E-001     2.5301304169786101E+000     4.8290691291313870E+000    -6.7931814541339506E+000     6.1758235337924026E+000 
                        236     9.2241270741957815E-001     2.5286372682024636E+000     4.8352696234071750E+000    -6.7830471267913444E+000     6.1925208315582472E+000 
                        237     9.2006660094499071E-001     2.5271228518206219E+000     4.8414782894597748E+000    -6.7729190628058564E+000     6.2092214327865509E+000 
                        238     9.1765639865819804E-001     2.5255868256404002E+000     4.8476920480442001E+000    -6.7627996316430936E+000     6.2259188256570095E+000 
                        239     9.1518068298163091E-001     2.5240288256890668E+000     4.8539082935420073E+000    -6.7526848699903104E+000     6.2426156762079756E+000 
                        240     9.1263801439480785E-001     2.5224484908634541E+000     4.8601247277664719E+000    -6.7425744747782037E+000     6.2593108295936313E+000 
                        241     9.1002693243115218E-001     2.5208454504801647E+000     4.8663393207151371E+000    -6.7324640027857949E+000     6.2760076795917765E+000 
                        242     9.0734595613617375E-001     2.5192193397235658E+000     4.8725502517958699E+000    -6.7223536497971459E+000     6.2926997772751090E+000 
                        243     9.0459358646088961E-001     2.5175697839910329E+000     4.8787558706565823E+000    -6.7122411972283045E+000     6.3093937156123046E+000 
                        244     9.0176830675079755E-001     2.5158964079119084E+000     4.8849546914196038E+000    -6.7021237283116415E+000     6.3260854028328568E+000 
                        245     8.9886858204530540E-001     2.5141988376650879E+000     4.8911453822763047E+000    -6.6920067195362520E+000     6.3427757274544989E+000 
                        246     8.9589285981097144E-001     2.5124766681222535E+000     4.8973267516991168E+000    -6.6818821622198330E+000     6.3594656813503256E+000 
                        247     8.9283957010363724E-001     2.5107295153593947E+000     4.9034977327219389E+000    -6.6717555572103491E+000     6.3761509610407519E+000 
                        248     8.8970712617646064E-001     2.5089569631067441E+000     4.9096573844597575E+000    -6.6616205742413506E+000     6.3928372786409131E+000 
                        249     8.8649392422078943E-001     2.5071586096268730E+000     4.9158048903273901E+000    -6.6514797590664161E+000     6.4095218339742619E+000 
                        250     8.8319834347678927E-001     2.5053340313748182E+000     4.9219395604865106E+000    -6.6413294371864184E+000     6.4262044650195191E+000 
                        251     8.7981874584738851E-001     2.5034828079792097E+000     4.9280608176747984E+000    -6.6311717319867913E+000     6.4428886227227808E+000 
                        252     8.7635347670740238E-001     2.5016044977990433E+000     4.9341681959988914E+000    -6.6210062625789172E+000     6.4595662211446685E+000 
                        253     8.7280086446965588E-001     2.4996986472988487E+000     4.9402613314361323E+000    -6.6108312270420395E+000     6.4762457155290027E+000 
                        254     8.6915922118957145E-001     2.4977647970188537E+000     4.9463399628259932E+000    -6.6006473578983709E+000     6.4929202884436172E+000 
                        255     8.6542684244816415E-001     2.4958024696800916E+000     4.9524039363586869E+000    -6.5904519613730423E+000     6.5095969789407011E+000 
                        256     8.6160200683984334E-001     2.4938111845786275E+000     4.9584532056010140E+000    -6.5802496409541877E+000     6.5262701937907526E+000 
                        257     8.5768297558196993E-001     2.4917904231429167E+000     4.9644878383303590E+000    -6.5700345657431409E+000     6.5429454725016427E+000 
                        258     8.5366799271953964E-001     2.4897396760915278E+000     4.9705079931689768E+000    -6.5598152877872131E+000     6.5596153592895483E+000 
                        259     8.4955528688649906E-001     2.4876583758675364E+000     4.9765138904321189E+000    -6.5495858669852574E+000     6.5762861062150799E+000 
                        260     8.4534307224766581E-001     2.4855459639365192E+000     4.9825057900011904E+000    -6.5393496536670828E+000     6.5929546538296293E+000 
                        261     8.4102955052695849E-001     2.4834018464827525E+000     4.9884839744638381E+000    -6.5290999241979479E+000     6.6096232413047344E+000 
                        262     8.3661291292748230E-001     2.4812254436691101E+000     4.9944487119661609E+000    -6.5188409694387914E+000     6.6262908748233311E+000 
                        263     8.3209134308345445E-001     2.4790161357780351E+000     5.0004002479956791E+000    -6.5085744794481091E+000     6.6429570981847803E+000 
                        264     8.2746301782202236E-001     2.4767732740125923E+000     5.0063387984054710E+000    -6.4983010886777253E+000     6.6596219882141776E+000 
                        265     8.2272611120899986E-001     2.4744961857799699E+000     5.0122645299896220E+000    -6.4880192752274768E+000     6.6762898475262666E+000 
                        266     8.1787879753364556E-001     2.4721841857191493E+000     5.0181775378226652E+000    -6.4777301464080006E+000     6.6929540488655714E+000 
                        267     8.1291925433797640E-001     2.4698365616252813E+000     5.0240778429755348E+000    -6.4674348987876522E+000     6.7096195384123929E+000 
                        268     8.0784566408713121E-001     2.4674525723632463E+000     5.0299654190188852E+000    -6.4571300774299569E+000     6.7262838988414311E+000 
                        269     8.0265621324555569E-001     2.4650314710255836E+000     5.0358402248799496E+000    -6.4468172944978717E+000     6.7429472867613152E+000 
                        270     7.9734909199665549E-001     2.4625724752753264E+000     5.0417022208200999E+000    -6.4364925704292233E+000     6.7596116480309005E+000 
                        271     7.9192249586892582E-001     2.4600747976151860E+000     5.0475513648416586E+000    -6.4261609564523594E+000     6.7762746106064817E+000 
                        272     7.8637462894362020E-001     2.4575375931828312E+000     5.0533876187745443E+000    -6.4158172543277470E+000     6.7929400458575957E+000 
                        273     7.8070370394564059E-001     2.4549600163414573E+000     5.0592109450633398E+000    -6.4054660924794051E+000     6.8096033084313357E+000 
                        274     7.7490794526533002E-001     2.4523411621965896E+000     5.0650213205913923E+000    -6.3951084465845600E+000     6.8262668156092010E+000 
                        275     7.6898558960361729E-001     2.4496800844603261E+000     5.0708187534537057E+000    -6.3847384391595208E+000     6.8429294635458069E+000 
                        276     7.6293488536017995E-001     2.4469758347899782E+000     5.0766032809530754E+000    -6.3743616003505279E+000     6.8595922286792268E+000 
                        277     7.5675409513337244E-001     2.4442273910116490E+000     5.0823749892675245E+000    -6.3639751046789037E+000     6.8762565762279859E+000 
                        278     7.5044149722278530E-001     2.4414337058445672E+000     5.0881340030614073E+000    -6.3535820001014516E+000     6.8929166778210487E+000 
                        279     7.4399538615973659E-001     2.4385936663764651E+000     5.0938805020089690E+000    -6.3431771893578013E+000     6.9095816140333213E+000 
                        280     7.3741407468542275E-001     2.4357061441642425E+000     5.0996147131091041E+000    -6.3327650456690874E+000     6.9262465961542974E+000 
                        281     7.3069589702811655E-001     2.4327699309598980E+000     5.1053369077286597E+000    -6.3223478274654603E+000     6.9429090738908270E+000 
                        282     7.2383921269456497E-001     2.4297837482313573E+000     5.1110473727825640E+000    -6.3119193867495893E+000     6.9595733980572456E+000 
                        283     7.1684241661903036E-001     2.4267463049899618E+000     5.1167463646257501E+000    -6.3014853333426490E+000     6.9762355878124547E+000 
                        284     7.0970394398813452E-001     2.4236562143212406E+000     5.1224341098389505E+000    -6.2910388959179810E+000     6.9929020674583011E+000 
                        285     7.0242227180964334E-001     2.4205120758672529E+000     5.1281108122327161E+000    -6.2805835688280887E+000     7.0095691310910135E+000 
                        286     6.9499592155930268E-001     2.4173123994663066E+000     5.1337766696918541E+000    -6.2701209819073833E+000     7.0262337089185243E+000 
                        287     6.8742346509792251E-001     2.4140556136108744E+000     5.1394318820497586E+000    -6.2596494593559333E+000     7.0429012512540146E+000 
                        288     6.7970352464106543E-001     2.4107400834191051E+000     5.1450766424371075E+000    -6.2491740659740236E+000     7.0595683100930051E+000 
                        289     6.7183478566909627E-001     2.4073640575459216E+000     5.1492894503332840E+000    -6.2412917977634521E+000     7.0720709588549235E+000 
                        290     6.6784422452204706E-001     2.4056528983329049E+000     5.1521042194663522E+000    -6.2360480080900764E+000     7.0804063956411483E+000 
                        291     6.6381600316915090E-001     2.4039259349686151E+000     5.1549164572425452E+000    -6.2308013724624489E+000     7.0887422733061909E+000 
                        292     6.5974997716138128E-001     2.4021829316424217E+000     5.1577261735597224E+000    -6.2255556873248832E+000     7.0970773126060198E+000 
                        293     6.5564600877815660E-001     2.4004236320994221E+000     5.1605333766685630E+000    -6.2203063267861767E+000     7.1054123172083292E+000 
                        294     6.5150396482265593E-001     2.3986477923005496E+000     5.1633380717634401E+000    -6.2150549492810070E+000     7.1137496941338600E+000 
                        295     6.4732371824201485E-001     2.3968551556670228E+000     5.1661402622426866E+000    -6.2098007105554078E+000     7.1220874522481719E+000 
                        296     6.4310514651988981E-001     2.3950454622466757E+000     5.1689399484235059E+000    -6.2045476293836348E+000     7.1304235099161621E+000 
                        297     6.3884813437886678E-001     2.3932184291563310E+000     5.1717371300518433E+000    -6.1992919779179134E+000     7.1387587143541769E+000 
                        298     6.3455257194376102E-001     2.3913737817156004E+000     5.1745318063593899E+000    -6.1940318579197111E+000     7.1470973978328836E+000 
                        299     6.3021835644296664E-001     2.3895112467471993E+000     5.1773239729501039E+000    -6.1887715599586119E+000     7.1554341778693304E+000 
                        300     6.2584539059349820E-001     2.3876305249918932E+000     5.1801136231807403E+000    -6.1835096510653571E+000     7.1637722511628459E+000 
                        301     6.2143358468823706E-001     2.3857313158710141E+000     5.1829007489399403E+000    -6.1782473591888518E+000     7.1721094432212062E+000 
                        302     6.1698285690228061E-001     2.3838133057365676E+000     5.1856853443489790E+000    -6.1729800038874130E+000     7.1804488505332920E+000 
                        303     6.1249313120294002E-001     2.3818761928115668E+000     5.1884674016220691E+000    -6.1677142485003431E+000     7.1887851050244924E+000 
                        304     6.0796433877361822E-001     2.3799196370555471E+000     5.1912469163985220E+000    -6.1624427506440052E+000     7.1971241205023464E+000 
                        305     6.0339641699170543E-001     2.3779433218464257E+000     5.1940238840973754E+000    -6.1571706375952351E+000     7.2054636320033500E+000 
                        306     5.9878931307394656E-001     2.3759468992021007E+000     5.1967983021691877E+000    -6.1518958800659362E+000     7.2138033501930297E+000 
                        307     5.9414297945660843E-001     2.3739300195063242E+000     5.1995701687263587E+000    -6.1466200426423665E+000     7.2221414873469199E+000 
                        308     5.8945737764891848E-001     2.3718923162161132E+000     5.2023394841672177E+000    -6.1413414176925549E+000     7.2304819733704120E+000 
                        309     5.8473247676996376E-001     2.3698334199325064E+000     5.2051062486687529E+000    -6.1360601415462481E+000     7.2388227384552204E+000 
                        310     5.7996825623080317E-001     2.3677529505930965E+000     5.2078704614182145E+000    -6.1307775937798734E+000     7.2471624659297271E+000 
                        311     5.7516470281112109E-001     2.3656505095505098E+000     5.2106321224226653E+000    -6.1254892085945460E+000     7.2555058239099441E+000 
                        312     5.7032181442735530E-001     2.3635257095600646E+000     5.2133912269004377E+000    -6.1202029590349749E+000     7.2638438308548041E+000 
                        313     5.6543959857557069E-001     2.3613781123327611E+000     5.2161477720242537E+000    -6.1149128391973955E+000     7.2721851690549117E+000 
                        314     5.6051807279326349E-001     2.3592072962207733E+000     5.2189017523089669E+000    -6.1096222069381358E+000     7.2805284235515098E+000 
                        315     5.5555726724986343E-001     2.3570128107681758E+000     5.2216531602079064E+000    -6.1043311183824374E+000     7.2888670560698321E+000 
                        316     5.5055722119842643E-001     2.3547941904548297E+000     5.2244019901607581E+000    -6.0990353844743002E+000     7.2972100077023061E+000 
                        317     5.4551798607153656E-001     2.3525509773946465E+000     5.2271482379135952E+000    -6.0937401232876676E+000     7.3055523273844898E+000 
                        318     5.4043962198487538E-001     2.3502826713207385E+000     5.2298919034077755E+000    -6.0884425594884597E+000     7.3138947527753659E+000 
                        319     5.3532220285757681E-001     2.3479887714643581E+000     5.2326329908216156E+000    -6.0831440421490148E+000     7.3222363480802528E+000 
                        320     5.3016581148552566E-001     2.3456687521709298E+000     5.2353715083308785E+000    -6.0778431929310370E+000     7.3305795254676598E+000 
                        321     5.2497054246764829E-001     2.3433220777023336E+000     5.2381074683886188E+000    -6.0725363738130698E+000     7.3389240004414491E+000 
                        322     5.1973650348738598E-001     2.3409482147846914E+000     5.2408408855791162E+000    -6.0672312817571168E+000     7.3472671712910849E+000 
                        323     5.1446381240558892E-001     2.3385465683685540E+000     5.2435717785143039E+000    -6.0619229877728102E+000     7.3556102455788244E+000 
                        324     5.0915260230627069E-001     2.3361165514058602E+000     5.2463001649752936E+000    -6.0566135085285921E+000     7.3639529452413539E+000 
                        325     5.0380302096204665E-001     2.3336575456125566E+000     5.2490260623276885E+000    -6.0513002536680949E+000     7.3722970292717855E+000 
                        326     4.9841523078873246E-001     2.3311689261884045E+000     5.2517494839114978E+000    -6.0459853299551121E+000     7.3806405502107477E+000 
                        327     4.9298941050716744E-001     2.3286500348743684E+000     5.2544704396216160E+000    -6.0406667380434165E+000     7.3889875727332699E+000 
                        328     4.8752575561315187E-001     2.3261002024331336E+000     5.2571889365533915E+000    -6.0353481152870891E+000     7.3973318036813795E+000 
                        329     4.8202447878426796E-001     2.3235187144982206E+000     5.2599049792944834E+000    -6.0300282478212228E+000     7.4056744429921135E+000 
                        330     4.7648580961242587E-001     2.3209048380289463E+000     5.2626185715916609E+000    -6.0247055676867483E+000     7.4140220366230958E+000 
                        331     4.7090999669739125E-001     2.3182578234498816E+000     5.2653297158427881E+000    -6.0193807343935823E+000     7.4223670089622447E+000 
                        332     4.6529730440226952E-001     2.3155768883013232E+000     5.2680384160563660E+000    -6.0140547597333995E+000     7.4307134119621958E+000 
                        333     4.5964801732441346E-001     2.3128612151686840E+000     5.2707446791084154E+000    -6.0087261188407508E+000     7.4390581080399052E+000 
                        334     4.5396243759393423E-001     2.3101099643666752E+000     5.2734485127870601E+000    -6.0033957717393323E+000     7.4474053270100162E+000 
                        335     4.4824088618753516E-001     2.3073222572244090E+000     5.2761499277624457E+000    -5.9980635028205009E+000     7.4557516593272162E+000 
                        336     4.4248370550979671E-001     2.3044971825931544E+000     5.2788489374999941E+000    -5.9927308966072852E+000     7.4640967373295588E+000 
                        337     4.3669125730753405E-001     2.3016337817816233E+000     5.2815455575024011E+000    -5.9873945153690746E+000     7.4724457021235864E+000 
                        338     4.3086392571386994E-001     2.2987310808517627E+000     5.2842398011701137E+000    -5.9820565972401107E+000     7.4807917564862461E+000 
                        339     4.2500211751403633E-001     2.2957880511928765E+000     5.2869316832497697E+000    -5.9767173947127876E+000     7.4891393959550285E+000 
                        340     4.1910626305010074E-001     2.2928036200299413E+000     5.2896212181145339E+000    -5.9713745744219162E+000     7.4974888903025745E+000 
                        341     4.1317681814888901E-001     2.2897766867022908E+000     5.2923084127082367E+000    -5.9660296844814908E+000     7.5058384002821992E+000 
                        342     4.0721426703772362E-001     2.2867060948001967E+000     5.2949932741512207E+000    -5.9606861489794269E+000     7.5141849946450208E+000 
                        343     4.0121911809705341E-001     2.2835906124265568E+000     5.2976758095961047E+000    -5.9553367745245840E+000     7.5225344318897935E+000 
                        344     3.9519190791418862E-001     2.2804290070217235E+000     5.3003560216037853E+000    -5.9499873059945472E+000     7.5308824982703158E+000 
                        345     3.8913320305588822E-001     2.2772199503314843E+000     5.3030339125088162E+000    -5.9446363341634987E+000     7.5392304670158623E+000 
                        346     3.8304359952684736E-001     2.2739620651146031E+000     5.3057094832425236E+000    -5.9392831409828934E+000     7.5475815217022717E+000 
                        347     3.7692372234605170E-001     2.2706539162822805E+000     5.3083827385524867E+000    -5.9339254939095420E+000     7.5559325514208808E+000 
                        348     3.7077422785659792E-001     2.2672940199862990E+000     5.3110536825564489E+000    -5.9285692139988715E+000     7.5642818197279729E+000 
                        349     3.6459580519159912E-001     2.2638807771443061E+000     5.3137223219305598E+000    -5.9232085395251817E+000     7.5726322364795839E+000 
                        350     3.5838917457373859E-001     2.2604125569227116E+000     5.3163886642888345E+000    -5.9178483313715162E+000     7.5809819759130566E+000 
                        351     3.5215509285774321E-001     2.2568876110241169E+000     5.3190527224965258E+000    -5.9124834680364726E+000     7.5893333082825682E+000 
                        352     3.4589435108201633E-001     2.2533041461615322E+000     5.3217145076030796E+000    -5.9071167843693164E+000     7.5976860452557000E+000 
                        353     3.3960777634371347E-001     2.2496602548439042E+000     5.3243740324358546E+000    -5.9017487831220334E+000     7.6060370971912246E+000 
                        354     3.3329623614581666E-001     2.2459539288695352E+000     5.3270313100182269E+000    -5.8963804620130587E+000     7.6143883691813095E+000 
                        355     3.2696064001734465E-001     2.2421830479518330E+000     5.3296863526320317E+000    -5.8910106452166495E+000     7.6227379561428590E+000 
                        356     3.2060193927752628E-001     2.2383453899247194E+000     5.3323391752894231E+000    -5.8856343108117235E+000     7.6310926489240725E+000 
                        357     3.1422112780609118E-001     2.2344386582166695E+000     5.3349897867417218E+000    -5.8802599213825912E+000     7.6394445635668351E+000 
                        358     3.0781924767497476E-001     2.2304603549330135E+000     5.3376381992914546E+000    -5.8748847503411374E+000     7.6477955114217755E+000 
                        359     3.0139738829235846E-001     2.2264078678246770E+000     5.3402844254900304E+000    -5.8695044695657330E+000     7.6561481113560061E+000 
                        360     2.9495668995401286E-001     2.2222784788011434E+000     5.3429284750208597E+000    -5.8641228997978292E+000     7.6645019951176616E+000 
                        361     2.8849834334958008E-001     2.2180692751954609E+000     5.3455703568136972E+000    -5.8587411136371434E+000     7.6728550819627257E+000 
                        362     2.8202359470677479E-001     2.2137771628874159E+000     5.3482100801626400E+000    -5.8533577309779083E+000     7.6812079105518061E+000 
                        363     2.7553374886815524E-001     2.2093988770211523E+000     5.3508476563642997E+000    -5.8479712416161336E+000     7.6895628196470218E+000 
                        364     2.6903016585083445E-001     2.2049309657111795E+000     5.3534830960113355E+000    -5.8425846184709433E+000     7.6979175523962482E+000 
                        365     2.6251427173123693E-001     2.2003697329043805E+000     5.3561164089322757E+000    -5.8371957357876560E+000     7.7062712068548587E+000 
                        366     2.5598755683047952E-001     2.1957112688186253E+000     5.3587476051570819E+000    -5.8318067336244601E+000     7.7146253991445670E+000 
                        367     2.4945157699868886E-001     2.1909513832697165E+000     5.3613766977582786E+000    -5.8264138275876736E+000     7.7229819216437257E+000 
                        368     2.4290796252497765E-001     2.1860856516451785E+000     5.3640036963232367E+000    -5.8210204356280428E+000     7.7313359223098601E+000 
                        369     2.3635841861885559E-001     2.1811093089044560E+000     5.3666286106379806E+000    -5.8156243283521381E+000     7.7396920640395823E+000 
                        370     2.2980472587818640E-001     2.1760172813481491E+000     5.3692514486769989E+000    -5.8102286951290232E+000     7.7480472928838982E+000 
                        371     2.2324875120870763E-001     2.1708040974924039E+000     5.3718722225608539E+000    -5.8048305333066006E+000     7.7564021459109203E+000 
                        372     2.1669244527174064E-001     2.1654639197918200E+000     5.3744909422147256E+000    -5.7994279933139605E+000     7.7647605552372001E+000 
                        373     2.1013785438217664E-001     2.1599905007453191E+000     5.3771076160148228E+000    -5.7940256742698351E+000     7.7731162544236811E+000 
                        374     2.0358711580948990E-001     2.1543770486050349E+000     5.3797222536466203E+000    -5.7886211857758392E+000     7.7814721927712762E+000 
                        375     1.9704247280270776E-001     2.1486162707583603E+000     5.3823348620371823E+000    -5.7832111571821043E+000     7.7898305061172444E+000 
                        376     1.9050627422205596E-001     2.1427003289878179E+000     5.3849454488897255E+000    -5.7778011956618371E+000     7.7981885105097106E+000 
                        377     1.8398098223271669E-001     2.1366206538995383E+000     5.3875540175637822E+000    -5.7723896904507086E+000     7.8065446857993441E+000 
                        378     1.7746918292083663E-001     2.1303679678664587E+000     5.3901605729588313E+000    -5.7669779075257539E+000     7.8149025905394520E+000 
                        379     1.7097358858001094E-001     2.1239321540806753E+000     5.3927651208717711E+000    -5.7615629213687125E+000     7.8232607035054764E+000 
                        380     1.6449704968440221E-001     2.1173022233066896E+000     5.3953676641123094E+000    -5.7561437043463730E+000     7.8316206167388120E+000 
                        381     1.5804256288857582E-001     2.1104661755728951E+000     5.3979681988631967E+000    -5.7507267216842983E+000     7.8399775202306055E+000 
                        382     1.5161328037205463E-001     2.1034107456544229E+000     5.4005667252757661E+000    -5.7453098821727338E+000     7.8483340740897427E+000 
                        383     1.4521252212085839E-001     2.0961213779808481E+000     5.4031632454865965E+000    -5.7398864122665758E+000     7.8566955022374332E+000 
                        384     1.3884378798416236E-001     2.0885821339699140E+000     5.4057577547493532E+000    -5.7344645268168390E+000     7.8650542516519968E+000 
                        385     1.3251076514545340E-001     2.0807752173124499E+000     5.4083502537180497E+000    -5.7290401941675748E+000     7.8734122673326237E+000 
                        386     1.2621734998657225E-001     2.0726809341658683E+000     5.4109407432446366E+000    -5.7236138636630942E+000     7.8817730803114516E+000 
                        387     1.1996766430949629E-001     2.0642773162028543E+000     5.4135292217916557E+000    -5.7181852087888139E+000     7.8901329619877218E+000 
                        388     1.1376606728560396E-001     2.0555397631163963E+000     5.4161156900622762E+000    -5.7127568981157948E+000     7.8984912875078681E+000 
                        389     1.0761718301620943E-001     2.0464405492258506E+000     5.4187001505339900E+000    -5.7073255765582545E+000     7.9068513175239516E+000 
                        390     1.0152592455206327E-001     2.0369484126213266E+000     5.4212826044977316E+000    -5.7018890482677733E+000     7.9152127748498922E+000 
                        391     9.5497517147425548E-002     2.0270278834970936E+000     5.4238630520139761E+000    -5.6964527930121909E+000     7.9235739727462384E+000 
                        392     8.9537535961865700E-002     2.0166383079028001E+000     5.4264414856363672E+000    -5.6910153132039865E+000     7.9319332252088719E+000 
                        393     8.3651942655911304E-002     2.0057329843807334E+000     5.4290179012972661E+000    -5.6855763669416772E+000     7.9402934274262620E+000 
                        394     7.7847124481006891E-002     1.9942578534122399E+000     5.4315922925780651E+000    -5.6801364773175242E+000     7.9486543876620086E+000 
                        395     7.2129948363131413E-002     1.9821498502232806E+000     5.4341646490785047E+000    -5.6746942159583407E+000     7.9570153852640066E+000 
                        396     6.6507818085305870E-002     1.9693348415590712E+000     5.4367349600019530E+000    -5.6692497406463556E+000     7.9653749116315113E+000 
                        397     6.0988750228574584E-002     1.9557248248533161E+000     5.4393032049643253E+000    -5.6638034109835251E+000     7.9737369808768799E+000 
                        398     5.5581461005470512E-002     1.9412142288894279E+000     5.4418693591062981E+000    -5.6583584273388539E+000     7.9820962166635487E+000 
                        399     5.0295471377093282E-002     1.9256747899382654E+000     5.4444333991897809E+000    -5.6529092552955449E+000     7.9904576780101095E+000 
                        400     4.5141237860822969E-002     1.9089489139852067E+000     5.4469952948674587E+000    -5.6474582316895816E+000     7.9988190552618716E+000 
                        401     4.0130323525781220E-002     1.8908396035930020E+000     5.4495550105594299E+000    -5.6420067375231922E+000     8.0071781297760118E+000 
                        402     3.5275612752462771E-002     1.8710961778659549E+000     5.4521125030233248E+000    -5.6365527319811530E+000     8.0155376627100861E+000 
                        403     3.0591595191570564E-002     1.8493929933956721E+000     5.4546677141841808E+000    -5.6310991007030946E+000     8.0238962077549196E+000 
                        404     2.6094752399755283E-002     1.8252958912975670E+000     5.4572205743565734E+000    -5.6256427243848934E+000     8.0322536229818180E+000 
                        405     2.1804089376017355E-002     1.7982083208413495E+000     5.4597709665571088E+000    -5.6201837709452107E+000     8.0406127853399987E+000 
                        406     1.7741908422911956E-002     1.7672783183453602E+000     5.4623187134085232E+000    -5.6147214760117734E+000     8.0489689486773912E+000 
                        407     1.3934922531868399E-002     1.7312275128135775E+000     5.4659667757100960E+000    -5.6069359103136982E+000     8.0609085548214701E+000 
                        408     7.2280326421782504E-003     1.6339402382658768E+000     5.4700050614114941E+000    -5.5981945697244200E+000     8.0742321270633166E+000 
                        409     4.4292535071403516E-003     1.5619325984734409E+000     5.4719975840704311E+000    -5.5938977326898423E+000     8.0807933035326034E+000 
                        410     3.2016368218872465E-003     1.5143982448497859E+000     5.4735260411635460E+000    -5.5906167074315691E+000     8.0858144403287220E+000 
                        411     1.6409787768806444E-003     1.4168052205225994E+000     5.4751580284901493E+000    -5.5871040592830781E+000     8.0911849855988720E+000 
                        412     8.0453873745302273E-004     1.3130560086473539E+000     5.4761940544812813E+000    -5.5848745069131729E+000     8.0945927625904197E+000 
                        413     4.3574775369349672E-004     1.2239791743426047E+000     5.4768059925176740E+000    -5.5835606758720511E+000     8.0966049405805922E+000 
                        414     2.2286911965897771E-004     1.1266980706519381E+000     5.4772255499558140E+000    -5.5826604496174879E+000     8.0979824020084212E+000 
                        415     1.1642980264171821E-004     1.0325668751880284E+000     5.4774859104313514E+000    -5.5821060740202011E+000     8.0988345276655753E+000 
                        416     6.3210144133032942E-005     9.4405706714659143E-001     5.4776455204419880E+000    -5.5817628662084005E+000     8.0993593941013238E+000 
                        417     3.6600314878745821E-005     8.6490598456555490E-001     5.4777413221147855E+000    -5.5815585061232742E+000     8.0996738202416552E+000 
                        418     2.3295400251602261E-005     7.9947159872699802E-001     5.4777970508020513E+000    -5.5814408327796947E+000     8.0998552505528121E+000 
                        419     1.6642942938030481E-005     7.5077482022124242E-001     5.4778386415224096E+000    -5.5813523568989263E+000     8.0999914925428733E+000 
                        420     9.9904856244587004E-006     6.7687420313977864E-001     5.4778818722410083E+000    -5.5812603667400325E+000     8.1001326182398063E+000 
                        421     4.9952428129579340E-006     5.7651289759000957E-001     5.4779170251072626E+000    -5.5811861896705866E+000     8.1002453360520104E+000 
                        422     2.4976214071520397E-006     4.7615834542676949E-001     5.4779392911150833E+000    -5.5811400175150521E+000     8.1003187067238347E+000 
                        423     1.2488107043046037E-006     3.7580796423956575E-001     5.4779533744110980E+000    -5.5811107797262522E+000     8.1003634273387437E+000 
                        424     6.2440535288088572E-007     2.7546027989514371E-001     5.4779622822657945E+000    -5.5810927188432533E+000     8.1003922915070525E+000 
                        425     3.1220267716902672E-007     1.7511426346969877E-001     5.4779679202287408E+000    -5.5810808682278381E+000     8.1004107892091426E+000 
                        426     1.5610133931309722E-007     7.4769512747817901E-002     5.4779714912810302E+000    -5.5810754086023628E+000     8.1004216990169322E+000 
                        427     7.8050668927964750E-008    -2.5574836926039981E-002     5.4779745101302257E+000    -5.5810693019086433E+000     8.1004308619240195E+000 
