                          1                           2                           3                           4                           5                           6                           7                           8                           9                          10                          11                          12                          13                          14                          15                          16                          17                          18                          19                          20                          21                          22                          23                          24                          25                          26                          27                          28                          29                          30                          31                          32                          33                          34                          35                          36                          37                          38                          39                          40                          41                          42                          43                          44                          45 
               model_number                   num_zones                initial_mass                   initial_z                    star_age                   time_step                        Teff               photosphere_L               photosphere_r                  center_eta                   center_h1                  center_he3                  center_he4                  center_c12                  center_n14                  center_o16                 center_ne20                   star_mass                   star_mdot                star_mass_h1               star_mass_he3               star_mass_he4               star_mass_c12               star_mass_n14               star_mass_o16              star_mass_ne20                he_core_mass                 c_core_mass                 o_core_mass                si_core_mass                fe_core_mass      neutron_rich_core_mass                  tau10_mass                tau10_radius                 tau100_mass               tau100_radius                dynamic_time                kh_timescale               nuc_timescale              power_nuc_burn                power_h_burn               power_he_burn                   power_neu                   burn_min1                   burn_min2 
                        250                         528     2.0000000000000000E+001     2.0000000000000000E-002     1.9550357910912583E+003     3.8939984830819355E+001     4.4351940881172141E+003     8.9328644639755130E+003     1.6029831209121977E+002    -1.1074580907821653E+001     7.0000000000000007E-001     2.9797635251138523E-005     2.7997020236474890E-001     3.4416106108120285E-003     1.0081585468366041E-003     9.3604466091399777E-003     2.0994599496976496E-003     2.0000000000000000E+001     0.0000000000000000E+000     1.4000000000000007E+001     5.9595270502277070E-004     5.5994040472949749E+000     6.8832212216240571E-002     2.0163170936732065E-002     1.8720893218279935E-001     4.1989198993953016E-002     0.0000000000000000E+000     0.0000000000000000E+000     0.0000000000000000E+000     0.0000000000000000E+000     0.0000000000000000E+000     0.0000000000000000E+000     1.9999887509188607E+001     1.6004558710546095E+002     1.9999862545347547E+001     1.5999517582079531E+002     4.5437245711390199E+006     6.5572212309112892E+003     2.2389234808897045E+007     5.0054728233703217E-014     5.0054728233703217E-014     0.0000000000000000E+000     2.0025219621353227E-015     5.0000000000000000E+001     1.0000000000000000E+003 

                          1                           2                           3                           4                           5                           6 
                       zone                           q                        logR                        logT                      logRho                        logP 
                          1     1.0000000000000000E+000     2.2049289493452324E+000     3.6469126410578081E+000    -8.3028369673612978E+000     3.1488200800369914E+000 
                          2     9.9999999999900002E-001     2.2049289491463742E+000     3.6469126826460330E+000    -8.3028376026686264E+000     3.1488200801522286E+000 
                          3     9.9999999999602385E-001     2.2049289485545347E+000     3.6469127877059186E+000    -8.3028366248903769E+000     3.1488207530122865E+000 
                          4     9.9999999998895539E-001     2.2049289471489186E+000     3.6469129900439334E+000    -8.3028351282550954E+000     3.1488224091272778E+000 
                          5     9.9999999997667854E-001     2.2049289447075919E+000     3.6469132818787520E+000    -8.3028326699707851E+000     3.1488258503847750E+000 
                          6     9.9999999996105349E-001     2.2049289416004672E+000     3.6469136087344167E+000    -8.3028300355282774E+000     3.1488286191703674E+000 
                          7     9.9999999994542843E-001     2.2049289384933606E+000     3.6469139900663752E+000    -8.3028283162100909E+000     3.1488299653648948E+000 
                          8     9.9999999992459510E-001     2.2049289343505696E+000     3.6469144258760733E+000    -8.3028249018782443E+000     3.1488343382706612E+000 
                          9     9.9999999990376176E-001     2.2049289302078114E+000     3.6469150795929930E+000    -8.3028207920988617E+000     3.1488392291409624E+000 
                         10     9.9999999986209509E-001     2.2049289219223698E+000     3.6469162936469721E+000    -8.3028112823191567E+000     3.1488494503794788E+000 
                         11     9.9999999978769027E-001     2.2049289071272629E+000     3.6469178501451376E+000    -8.3028000168538174E+000     3.1488623887107914E+000 
                         12     9.9999999971328546E-001     2.2049288923325401E+000     3.6469201226540435E+000    -8.3027854569403488E+000     3.1488788212111207E+000 
                         13     9.9999999957042829E-001     2.2049288639276172E+000     3.6469231112150244E+000    -8.3027644325711698E+000     3.1489030161068752E+000 
                         14     9.9999999942757112E-001     2.2049288355240662E+000     3.6469275941490173E+000    -8.3027326988622523E+000     3.1489392437811135E+000 
                         15     9.9999999914185667E-001     2.2049287787210941E+000     3.6469335716631441E+000    -8.3026904395439782E+000     3.1489875818390600E+000 
                         16     9.9999999885614221E-001     2.2049287219236273E+000     3.6469425382810869E+000    -8.3026281772619921E+000     3.1490589766029475E+000 
                         17     9.9999999828471342E-001     2.2049286083449133E+000     3.6469544948160890E+000    -8.3025446408886321E+000     3.1491547732151681E+000 
                         18     9.9999999771328463E-001     2.2049284947879526E+000     3.6469724309742384E+000    -8.3024189634385532E+000     3.1492988820328778E+000 
                         19     9.9999999657042693E-001     2.2049282677394793E+000     3.6469963500268094E+000    -8.3022528469410179E+000     3.1494888197407582E+000 
                         20     9.9999999542756923E-001     2.2049280407774789E+000     3.6470322340970363E+000    -8.3020013889667919E+000     3.1497759768652265E+000 
                         21     9.9999999314185384E-001     2.2049275871151597E+000     3.6470800960524996E+000    -8.3016690322909898E+000     3.1501561887174825E+000 
                         22     9.9999999085613844E-001     2.2049271337984648E+000     3.6471519108058392E+000    -8.3011688360439440E+000     3.1507280716812383E+000 
                         23     9.9999998628470776E-001     2.2049262282044348E+000     3.6472477297459145E+000    -8.3005046004214762E+000     3.1514878751555333E+000 
                         24     9.9999998171327709E-001     2.2049253239887641E+000     3.6473915446904521E+000    -8.2995094400256857E+000     3.1526280983909443E+000 
                         25     9.9999997257041562E-001     2.2049235196797135E+000     3.6475835583866498E+000    -8.2981877824271137E+000     3.1541401800969444E+000 
                         26     9.9999996342755415E-001     2.2049217208308547E+000     3.6478719177751024E+000    -8.2962161560762180E+000     3.1564008422600747E+000 
                         27     9.9999994514183121E-001     2.2049181393625261E+000     3.6482574107552002E+000    -8.2936043471309535E+000     3.1593986551767697E+000 
                         28     9.9999992685610828E-001     2.2049145792803886E+000     3.6488369449997466E+000    -8.2897279524295993E+000     3.1638526886520131E+000 
                         29     9.9999989028466241E-001     2.2049075221271961E+000     3.6496134958999735E+000    -8.2846340124119511E+000     3.1697243359600704E+000 
                         30     9.9999985371321654E-001     2.2049005469273766E+000     3.6507830211859171E+000    -8.2771408807808093E+000     3.1783865637381115E+000 
                         31     9.9999978057032490E-001     2.2048868341776626E+000     3.6523559460264221E+000    -8.2674250936952376E+000     3.1896721542456392E+000 
                         32     9.9999970742743327E-001     2.2048734235394254E+000     3.6547303079813389E+000    -8.2533945354051159E+000     3.2060748869881035E+000 
                         33     9.9999956114164990E-001     2.2048474513860765E+000     3.6579367593222725E+000    -8.2356423847329445E+000     3.2270276865963563E+000 
                         34     9.9999941485586652E-001     2.2048225150771001E+000     3.6627790957042139E+000    -8.2108218461983320E+000     3.2566794278000666E+000 
                         35     9.9999912228429988E-001     2.2047754011070384E+000     3.6676876292125273E+000    -8.1879468475178161E+000     3.2844483199579027E+000 
                         36     9.9999897599851650E-001     2.2047530474331798E+000     3.6709603459018965E+000    -8.1736318814167426E+000     3.3020258009436687E+000 
                         37     9.9999882971273313E-001     2.2047314152713637E+000     3.6742347667972175E+000    -8.1599997419905641E+000     3.3189211119742446E+000 
                         38     9.9999868342694975E-001     2.2047104484940836E+000     3.6775077950894342E+000    -8.1469996671902543E+000     3.3351875018624302E+000 
                         39     9.9999853714116638E-001     2.2046900971271630E+000     3.6824048111190231E+000    -8.1285783049615699E+000     3.3585032841539642E+000 
                         40     9.9999824456959974E-001     2.2046510767669294E+000     3.6889495574109503E+000    -8.1058595101048390E+000     3.3877721462608794E+000 
                         41     9.9999795199803310E-001     2.2046140354369093E+000     3.6955375636896486E+000    -8.0850279571221115E+000     3.4152021998340407E+000 
                         42     9.9999765942646646E-001     2.2045787200836853E+000     3.7011312177269313E+000    -8.0690191067102770E+000     3.4368148686336939E+000 
                         43     9.9999746437875536E-001     2.2045560240241144E+000     3.7056929843348212E+000    -8.0570395303567235E+000     3.4533646135817802E+000 
                         44     9.9999726933104427E-001     2.2045339420420178E+000     3.7127311477199578E+000    -8.0403876156815226E+000     3.4770713194111349E+000 
                         45     9.9999687923562208E-001     2.2044914298964202E+000     3.7204132079518586E+000    -8.0256040239962250E+000     3.4995563082127501E+000 
                         46     9.9999668418791099E-001     2.2044708807384734E+000     3.7257815438117778E+000    -8.0166192589809064E+000     3.5139259792529329E+000 
                         47     9.9999648914019990E-001     2.2044507495096264E+000     3.7343133802431216E+000    -8.0044754584591438E+000     3.5346347155327651E+000 
                         48     9.9999609904477771E-001     2.2044115892630938E+000     3.7442462391069302E+000    -7.9946895906752076E+000     3.5544059318558237E+000 
                         49     9.9999590399706662E-001     2.2043924415453575E+000     3.7514401357791702E+000    -7.9892328112324211E+000     3.5671051857989986E+000 
                         50     9.9999570894935552E-001     2.2043735304220879E+000     3.7594419455482240E+000    -7.9849598522303733E+000     3.5794470594783436E+000 
                         51     9.9999551390164443E-001     2.2043548020156445E+000     3.7685430531286666E+000    -7.9821524498997078E+000     3.5914487285527392E+000 
                         52     9.9999531885393333E-001     2.2043361918845958E+000     3.7765276854585639E+000    -7.9814469181004855E+000     3.6002395380656322E+000 
                         53     9.9999522133007779E-001     2.2043269010280255E+000     3.7823326309665486E+000    -7.9815759253656235E+000     3.6060023940366710E+000 
                         54     9.9999512380622224E-001     2.2043176068146142E+000     3.7887709100760429E+000    -7.9824485561416800E+000     3.6116919515237926E+000 
                         55     9.9999502628236669E-001     2.2043082933089542E+000     3.7960060522218737E+000    -7.9842317476282689E+000     3.6173064523765355E+000 
                         56     9.9999492875851115E-001     2.2042989408809595E+000     3.8021894913843872E+000    -7.9864109820142879E+000     3.6214724979795765E+000 
                         57     9.9999487999658332E-001     2.2042942409152375E+000     3.8065945616420485E+000    -7.9881933988170655E+000     3.6242261497262991E+000 
                         58     9.9999483123465549E-001     2.2042895214668996E+000     3.8113324351167051E+000    -7.9903577014897822E+000     3.6269636580978335E+000 
                         59     9.9999478247272766E-001     2.2042847782855124E+000     3.8164357160586553E+000    -7.9929419705947256E+000     3.6296842582330604E+000 
                         60     9.9999473371079983E-001     2.2042800066388768E+000     3.8219208514428518E+000    -7.9959725517254290E+000     3.6323875781679900E+000 
                         61     9.9999468494887200E-001     2.2042752014194877E+000     3.8277636381369149E+000    -7.9994352514153126E+000     3.6350746014755257E+000 
                         62     9.9999463618694417E-001     2.2042703575727396E+000     3.8369086684139471E+000    -8.0051646405403662E+000     3.6390738567424914E+000 
                         63     9.9999453866308863E-001     2.2042605407314459E+000     3.8461539065495445E+000    -8.0111880287587951E+000     3.6430384640227378E+000 
                         64     9.9999448990116080E-001     2.2042555635055310E+000     3.8520710937896894E+000    -8.0150547793878939E+000     3.6456612400485624E+000 
                         65     9.9999444113923297E-001     2.2042505415934777E+000     3.8576736067542177E+000    -8.0186739900168202E+000     3.6482666777718697E+000 
                         66     9.9999439237730514E-001     2.2042454774798395E+000     3.8629242304127707E+000    -8.0219967092536066E+000     3.6508595684004512E+000 
                         67     9.9999434361537731E-001     2.2042403742936609E+000     3.8678206784134872E+000    -8.0250219480180771E+000     3.6534352782872972E+000 
                         68     9.9999429485344948E-001     2.2042352352534613E+000     3.8723809406374721E+000    -8.0277515865882112E+000     3.6559944815040022E+000 
                         69     9.9999424609152165E-001     2.2042300636273500E+000     3.8787396862922203E+000    -8.0314393658816794E+000     3.6598091573522420E+000 
                         70     9.9999414856766611E-001     2.2042196316100204E+000     3.8843300002338084E+000    -8.0344037779100894E+000     3.6635899426258129E+000 
                         71     9.9999409980573828E-001     2.2042143795915785E+000     3.8878243952175890E+000    -8.0361955575194841E+000     3.6660926664766218E+000 
                         72     9.9999405104381045E-001     2.2042091056682613E+000     3.8927511652037441E+000    -8.0386286606769328E+000     3.6698200870871212E+000 
                         73     9.9999395351995490E-001     2.2041984979803968E+000     3.8986383572019170E+000    -8.0412523119440724E+000     3.6747408023437105E+000 
                         74     9.9999385599609936E-001     2.2041878252311968E+000     3.9039608176448168E+000    -8.0433967399281716E+000     3.6796070711331601E+000 
                         75     9.9999375847224381E-001     2.2041770988597893E+000     3.9088385288921654E+000    -8.0451476656773835E+000     3.6844422183484142E+000 
                         76     9.9999366000333156E-001     2.2041662239807223E+000     3.9155697038369799E+000    -8.0473325658858403E+000     3.6916333073956573E+000 
                         77     9.9999346306550707E-001     2.2041443620538685E+000     3.9213809717861738E+000    -8.0486558088457247E+000     3.6987053033874830E+000 
                         78     9.9999336459659482E-001     2.2041333964910881E+000     3.9249928057878329E+000    -8.0493658713806919E+000     3.7033588876627932E+000 
                         79     9.9999326612768258E-001     2.2041224121524565E+000     3.9300648671219705E+000    -8.0501978411253781E+000     3.7102488190758063E+000 
                         80     9.9999306918985809E-001     2.2041003988411831E+000     3.9360935869078069E+000    -8.0506827553124083E+000     3.7192651547575606E+000 
                         81     9.9999287225203359E-001     2.2040783575835610E+000     3.9415241239341978E+000    -8.0507319642217148E+000     3.7281030784832776E+000 
                         82     9.9999267531420910E-001     2.2040563104713651E+000     3.9464639569914906E+000    -8.0504167788562189E+000     3.7367661393750704E+000 
                         83     9.9999247837638461E-001     2.2040342759993155E+000     3.9509945916133415E+000    -8.0498049012199324E+000     3.7452616788278532E+000 
                         84     9.9999228143856012E-001     2.2040122692025124E+000     3.9551787489759320E+000    -8.0489586928242272E+000     3.7535944538139443E+000 
                         85     9.9999208450073562E-001     2.2039903019073130E+000     3.9590656045385000E+000    -8.0479199406837694E+000     3.7617744041706098E+000 
                         86     9.9999188756291113E-001     2.2039683837690491E+000     3.9644974181734587E+000    -8.0462118483210094E+000     3.7737638110477207E+000 
                         87     9.9999149368726215E-001     2.2039247096702077E+000     3.9701093417612503E+000    -8.0435766008464213E+000     3.7873496522281451E+000 
                         88     9.9999119828052541E-001     2.2038921436768901E+000     3.9759917534092519E+000    -8.0404173669150829E+000     3.8023769161618208E+000 
                         89     9.9999070593596417E-001     2.2038382443251900E+000     3.9824892266344301E+000    -8.0358979442405065E+000     3.8204664604649503E+000 
                         90     9.9999021359140294E-001     2.2037848831961977E+000     3.9871478520577583E+000    -8.0319571704548807E+000     3.8344250873734351E+000 
                         91     9.9998991818466620E-001     2.2037531463962177E+000     3.9904315485972837E+000    -8.0289666749438453E+000     3.8446065757781120E+000 
                         92     9.9998962277792947E-001     2.2037216204933419E+000     3.9940484747221476E+000    -8.0254077840178777E+000     3.8561982959096337E+000 
                         93     9.9998922890228048E-001     2.2036799184610554E+000     3.9988606736022128E+000    -8.0202185794825844E+000     3.8722401610708803E+000 
                         94     9.9998863808880700E-001     2.2036180862788224E+000     4.0028029929960267E+000    -8.0152691246901675E+000     3.8862006011536430E+000 
                         95     9.9998834268207026E-001     2.2035875107668490E+000     4.0057295827568637E+000    -8.0114889844400690E+000     3.8967557670000343E+000 
                         96     9.9998794880642128E-001     2.2035470868089635E+000     4.0092873134344247E+000    -8.0065948789571451E+000     3.9099674830739461E+000 
                         97     9.9998745646186005E-001     2.2034971074887904E+000     4.0141261324014339E+000    -7.9995171292476916E+000     3.9284828915306167E+000 
                         98     9.9998666111145551E-001     2.2034176387857705E+000     4.0185490898712803E+000    -7.9921898096399158E+000     3.9463183534393749E+000 
                         99     9.9998616401745266E-001     2.2033687801521618E+000     4.0211242377791416E+000    -7.9877062389225300E+000     3.9569456602294690E+000 
                        100     9.9998586576105097E-001     2.2033397582536525E+000     4.0242376127039003E+000    -7.9822349797295677E+000     3.9698767732615159E+000 
                        101     9.9998516982944696E-001     2.2032728660946992E+000     4.0283143819105787E+000    -7.9745081035138776E+000     3.9873678993548380E+000 
                        102     9.9998447389784295E-001     2.2032071234320920E+000     4.0318696921765875E+000    -7.9673757424951690E+000     4.0030119923256970E+000 
                        103     9.9998387738503947E-001     2.2031516672537199E+000     4.0349895987874840E+000    -7.9608788383447591E+000     4.0169772885577224E+000 
                        104     9.9998328087223598E-001     2.2030970137261474E+000     4.0382129345376123E+000    -7.9539447750893295E+000     4.0316189517500183E+000 
                        105     9.9998258494063197E-001     2.2030342357846258E+000     4.0410411215239010E+000    -7.9475883889934789E+000     4.0447204956919593E+000 
                        106     9.9998208784662912E-001     2.2029900295904183E+000     4.0444495551750492E+000    -7.9398730902731707E+000     4.0605658690583928E+000 
                        107     9.9998109365862342E-001     2.2029031346537322E+000     4.0483065514780980E+000    -7.9306467214889356E+000     4.0789386482711549E+000 
                        108     9.9998029068313588E-001     2.2028343905693766E+000     4.0511798711007145E+000    -7.9235797649038515E+000     4.0927900470332279E+000 
                        109     9.9997968845152019E-001     2.2027836437442421E+000     4.0535589519732387E+000    -7.9176422308749279E+000     4.1043258485884033E+000 
                        110     9.9997908621990450E-001     2.2027335685577021E+000     4.0570094582478911E+000    -7.9089721626589427E+000     4.1210818202074266E+000 
                        111     9.9997788175667324E-001     2.2026353474242368E+000     4.0606269306613987E+000    -7.8994542449299470E+000     4.1389891611428471E+000 
                        112     9.9997707878118569E-001     2.2025712501963817E+000     4.0634127514622351E+000    -7.8920409789161532E+000     4.1528088778588454E+000 
                        113     9.9997627580569814E-001     2.2025082101263225E+000     4.0657672613345159E+000    -7.8856649659167601E+000     4.1645562308973965E+000 
                        114     9.9997567357408246E-001     2.2024616014883209E+000     4.0683887511556032E+000    -7.8785438875836009E+000     4.1776127956940687E+000 
                        115     9.9997466985472305E-001     2.2023851512808177E+000     4.0721902848732361E+000    -7.8680551586921990E+000     4.1966002851537167E+000 
                        116     9.9997325127365944E-001     2.2022796142738565E+000     4.0758201957630744E+000    -7.8577512161963901E+000     4.2148822853289953E+000 
                        117     9.9997223800147106E-001     2.2022059525974886E+000     4.0781586217752812E+000    -7.8510467712310597E+000     4.2266650563410897E+000 
                        118     9.9997163003815803E-001     2.2021624150255055E+000     4.0810196091281030E+000    -7.8429040391574558E+000     4.2409594325149458E+000 
                        119     9.9997021145709442E-001     2.2020626649614541E+000     4.0845892993637536E+000    -7.8325407243982852E+000     4.2588864517219376E+000 
                        120     9.9996899553046836E-001     2.2019791281274514E+000     4.0872443696988014E+000    -7.8247817394828925E+000     4.2721982888201264E+000 
                        121     9.9996818491271766E-001     2.2019243969018660E+000     4.0901163894566492E+000    -7.8164528517059990E+000     4.2864753789394845E+000 
                        122     9.9996675295407800E-001     2.2018295015184655E+000     4.0936612389248470E+000    -7.8060966201702433E+000     4.3040675381296971E+000 
                        123     9.9996532099543833E-001     2.2017367821903959E+000     4.0963603140296287E+000    -7.7981777508942951E+000     4.3174177932022468E+000 
                        124     9.9996450273335857E-001     2.2016847310176906E+000     4.0992489121039002E+000    -7.7898084362863589E+000     4.3315337773199545E+000 
                        125     9.9996286620919894E-001     2.2015825612221263E+000     4.1029879268679794E+000    -7.7789480870181231E+000     4.3497074823617092E+000 
                        126     9.9996122586843328E-001     2.2014826125542410E+000     4.1057239681879931E+000    -7.7710074086107248E+000     4.3629121156947219E+000 
                        127     9.9996039997314135E-001     2.2014331756429670E+000     4.1084299087762091E+000    -7.7632655149185590E+000     4.3757931228492657E+000 
                        128     9.9995874818255748E-001     2.2013359995700412E+000     4.1123978112605117E+000    -7.7519848886862786E+000     4.3944772267762131E+000 
                        129     9.9995667582569692E-001     2.2012171185954488E+000     4.1162659893620850E+000    -7.7410814501929162E+000     4.4124455567751601E+000 
                        130     9.9995501641648232E-001     2.2011242186308158E+000     4.1200540722742893E+000    -7.7305808717476436E+000     4.4297233576377195E+000 
                        131     9.9995294215496411E-001     2.2010107869213682E+000     4.1233497868127849E+000    -7.7215436011682357E+000     4.4445397368635762E+000 
                        132     9.9995169759805314E-001     2.2009440880231379E+000     4.1257943778370727E+000    -7.7149419688352232E+000     4.4553614710633562E+000 
                        133     9.9995044732716920E-001     2.2008780634701197E+000     4.1290211371400032E+000    -7.7063690961881859E+000     4.4694218069028100E+000 
                        134     9.9994836354236272E-001     2.2007701085825175E+000     4.1334069371867193E+000    -7.6949481491012328E+000     4.4881496141871464E+000 
                        135     9.9994584017000221E-001     2.2006426694154717E+000     4.1381311091070092E+000    -7.6829800470422942E+000     4.5078004876804627E+000 
                        136     9.9994331679764170E-001     2.2005185864666057E+000     4.1420167286436680E+000    -7.6734162303945936E+000     4.5235408280704492E+000 
                        137     9.9994163454940133E-001     2.2004376089173854E+000     4.1458867708717335E+000    -7.6641628048005837E+000     4.5388224927765615E+000 
                        138     9.9993908833885248E-001     2.2003175437610234E+000     4.1508917607300146E+000    -7.6525968802728936E+000     4.5580054637920062E+000 
                        139     9.9993611775987890E-001     2.2001810280222771E+000     4.1566391488775931E+000    -7.6398890758940210E+000     4.5792235347045187E+000 
                        140     9.9993270373152732E-001     2.2000285053191577E+000     4.1623836232017801E+000    -7.6278158706971055E+000     4.5995625640241764E+000 
                        141     9.9992970643921919E-001     2.1998981443456329E+000     4.1665968049157032E+000    -7.6193602466885064E+000     4.6139384472454879E+000 
                        142     9.9992799370075747E-001     2.1998250373167170E+000     4.1704357490588322E+000    -7.6119097705096364E+000     4.6266817697489797E+000 
                        143     9.9992540160563681E-001     2.1997162091183475E+000     4.1758349102071586E+000    -7.6018540101874272E+000     4.6440276407420784E+000 
                        144     9.9992193391881845E-001     2.1995738283217214E+000     4.1827846338033723E+000    -7.5895941239041917E+000     4.6654240099110895E+000 
                        145     9.9991759449363260E-001     2.1994004249500416E+000     4.1882102047645535E+000    -7.5805595819846694E+000     4.6814192353442783E+000 
                        146     9.9991585101689762E-001     2.1993321330003193E+000     4.1920848150647947E+000    -7.5743120755913722E+000     4.6925554561993765E+000 
                        147     9.9991322804307359E-001     2.1992307992212203E+000     4.1982779299084818E+000    -7.5646552979206785E+000     4.7099000301389911E+000 
                        148     9.9990883055762847E-001     2.1990644926685396E+000     4.2067195052466433E+000    -7.5520004491004897E+000     4.7328229775043349E+000 
                        149     9.9990352229655821E-001     2.1988692635153866E+000     4.2142300124869001E+000    -7.5409852242134798E+000     4.7528075375373664E+000 
                        150     9.9989995726522207E-001     2.1987412884535407E+000     4.2200858074958205E+000    -7.5324603436954467E+000     4.7682435819938469E+000 
                        151     9.9989639223388593E-001     2.1986156910021384E+000     4.2264566191092818E+000    -7.5231101880332858E+000     4.7850513610123802E+000 
                        152     9.9989190828773566E-001     2.1984609347400448E+000     4.2332148841274702E+000    -7.5128963395666375E+000     4.8031312034149876E+000 
                        153     9.9988739253588499E-001     2.1983085418210995E+000     4.2389825461564108E+000    -7.5038307969572182E+000     4.8188897482053603E+000 
                        154     9.9988376388615574E-001     2.1981885026797374E+000     4.2438784602559334E+000    -7.4958895705084627E+000     4.8325111690822782E+000 
                        155     9.9988011918817776E-001     2.1980700197089251E+000     4.2503028125983731E+000    -7.4851682597218705E+000     4.8506967790497848E+000 
                        156     9.9987370048718383E-001     2.1978662199697312E+000     4.2578524912676476E+000    -7.4716931211933080E+000     4.8729678823526692E+000 
                        157     9.9986723291179402E-001     2.1976668647671405E+000     4.2633470419652255E+000    -7.4612735714981424E+000     4.8898113492892143E+000 
                        158     9.9986352314760718E-001     2.1975551065351926E+000     4.2681465509599477E+000    -7.4520135083957477E+000     4.9047064530087301E+000 
                        159     9.9985790901444660E-001     2.1973893876255377E+000     4.2749569045186586E+000    -7.4384170894793673E+000     4.9263236387659504E+000 
                        160     9.9984942954303058E-001     2.1971464612558314E+000     4.2816994881321202E+000    -7.4242527336847290E+000     4.9484547335720483E+000 
                        161     9.9984277104086727E-001     2.1969615514917029E+000     4.2869162104807037E+000    -7.4130730722317875E+000     4.9658133828982125E+000 
                        162     9.9983702263368235E-001     2.1968057892538564E+000     4.2907802687718695E+000    -7.4046718838555066E+000     4.9787937234928252E+000 
                        163     9.9983317905609015E-001     2.1967035456521931E+000     4.2953219019359032E+000    -7.3948440735723286E+000     4.9940024479363698E+000 
                        164     9.9982542342993475E-001     2.1965016412728477E+000     4.3004319594554179E+000    -7.3836401803858802E+000     5.0112433673779426E+000 
                        165     9.9981955487940466E-001     2.1963525740017853E+000     4.3047156726664397E+000    -7.3743021500101387E+000     5.0256270236908458E+000 
                        166     9.9981365145679324E-001     2.1962056606496487E+000     4.3110223356981399E+000    -7.3607688910826043E+000     5.0465567369702624E+000 
                        167     9.9980173935832328E-001     2.1959178781366986E+000     4.3178243198253696E+000    -7.3463326117898129E+000     5.0689093389962645E+000 
                        168     9.9979370347445984E-001     2.1957297787576455E+000     4.3231978453978570E+000    -7.3352256989008495E+000     5.0862233957961651E+000 
                        169     9.9978559591354677E-001     2.1955445548665153E+000     4.3285173594275417E+000    -7.3244998844508409E+000     5.1030447994630830E+000 
                        170     9.9977741601642867E-001     2.1953620054408107E+000     4.3337996818350062E+000    -7.3141437182109481E+000     5.1194102651717541E+000 
                        171     9.9976916312021991E-001     2.1951819414930358E+000     4.3390605978499206E+000    -7.3041494024785889E+000     5.1353433016381578E+000 
                        172     9.9976083656223558E-001     2.1950041838380581E+000     4.3443148910637026E+000    -7.2945048355532602E+000     5.1508728256740293E+000 
                        173     9.9975243567780081E-001     2.1948285641053391E+000     4.3495752346265375E+000    -7.2852060521676290E+000     5.1660210797627792E+000 
                        174     9.9974395979884256E-001     2.1946549207539681E+000     4.3574991851743690E+000    -7.2718344770510335E+000     5.1881166578299656E+000 
                        175     9.9972678035504658E-001     2.1943130325163174E+000     4.3681268132703215E+000    -7.2551153912211097E+000     5.2163799886985736E+000 
                        176     9.9970929276725573E-001     2.1939773704903329E+000     4.3761510429201662E+000    -7.2433174630405590E+000     5.2367837786479781E+000 
                        177     9.9970039213020612E-001     2.1938108188703884E+000     4.3815096489996606E+000    -7.2357558325527034E+000     5.2500464044793018E+000 
                        178     9.9969149149315650E-001     2.1936469551335711E+000     4.3895454773895040E+000    -7.2248332193286728E+000     5.2694630814857142E+000 
                        179     9.9967337091955477E-001     2.1933210842005626E+000     4.4002071673435719E+000    -7.2109756054345491E+000     5.2944985740414099E+000 
                        180     9.9965492535237632E-001     2.1929990663711996E+000     4.4081231941117709E+000    -7.2010315875679716E+000     5.3126897605459416E+000 
                        181     9.9964553718040605E-001     2.1928386130551849E+000     4.4133618274750503E+000    -7.1945992000565209E+000     5.3245578598993371E+000 
                        182     9.9963614900843578E-001     2.1926803445893226E+000     4.4185552615114920E+000    -7.1883040271429373E+000     5.3362321433339313E+000 
                        183     9.9962659250995056E-001     2.1925213827702463E+000     4.4236975713125526E+000    -7.1821338404135346E+000     5.3477124529921012E+000 
                        184     9.9961703601146534E-001     2.1923644923536663E+000     4.4287851899382327E+000    -7.1760757732374056E+000     5.3590187499071948E+000 
                        185     9.9960730820226062E-001     2.1922068305735336E+000     4.4338139458147241E+000    -7.1701254791265789E+000     5.3701449727688937E+000 
                        186     9.9959758039305591E-001     2.1920511457954142E+000     4.4412659757289363E+000    -7.1613967456020804E+000     5.3865322534075935E+000 
                        187     9.9957777609124632E-001     2.1917400013216368E+000     4.4509461000570125E+000    -7.1500308598603439E+000     5.4078293725956792E+000 
                        188     9.9955761695018897E-001     2.1914308015167849E+000     4.4603689904248833E+000    -7.1389719262058033E+000     5.4285408757138542E+000 
                        189     9.9953709671656321E-001     2.1911233224360473E+000     4.4695368177589110E+000    -7.1281869258450996E+000     5.4487095411943161E+000 
                        190     9.9951620903672100E-001     2.1908173666801583E+000     4.4784558560089307E+000    -7.1176422492254652E+000     5.4683760064911748E+000 
                        191     9.9949494745289180E-001     2.1905127629606955E+000     4.4871343204576117E+000    -7.1073189694738161E+000     5.4875693235101988E+000 
                        192     9.9947330540031110E-001     2.1902093551371884E+000     4.4955809043273023E+000    -7.0971892218952952E+000     5.5063257967657222E+000 
                        193     9.9945127620617347E-001     2.1899070080263954E+000     4.5038037726966564E+000    -7.0872417545897068E+000     5.5246706074223209E+000 
                        194     9.9942885308782969E-001     2.1896055954325471E+000     4.5118100896765396E+000    -7.0774642827670720E+000     5.5426247947083320E+000 
                        195     9.9940602915152454E-001     2.1893050006268249E+000     4.5196056753719276E+000    -7.0678377242098103E+000     5.5602183375387684E+000 
                        196     9.9938279739071545E-001     2.1890051208310775E+000     4.5271950167147450E+000    -7.0583451908039105E+000     5.5774668856131742E+000 
                        197     9.9935915068386605E-001     2.1887058654862721E+000     4.5345809011547411E+000    -7.0489690693616929E+000     5.5943956205103902E+000 
                        198     9.9933508179195574E-001     2.1884071565810266E+000     4.5417639276988346E+000    -7.0396933196219473E+000     5.6110171070769859E+000 
                        199     9.9931058335635081E-001     2.1881089274358252E+000     4.5487430862075779E+000    -7.0305062454906571E+000     5.6273498881638337E+000 
                        200     9.9928564789601315E-001     2.1878111196121015E+000     4.5555168142635640E+000    -7.0213931909609677E+000     5.6434070255931594E+000 
                        201     9.9926026780538113E-001     2.1875136848730183E+000     4.5620832787802312E+000    -7.0123356716633793E+000     5.6592082162407227E+000 
                        202     9.9923443535207124E-001     2.1872165877447016E+000     4.5684402014810548E+000    -7.0033189015867725E+000     5.6747627118069879E+000 
                        203     9.9920814267494595E-001     2.1869198029394692E+000     4.5745854183857499E+000    -6.9943329599547912E+000     5.6900808846899036E+000 
                        204     9.9918138178200766E-001     2.1866233119997336E+000     4.5805177962496408E+000    -6.9853630249687502E+000     5.7051773431911874E+000 
                        205     9.9915414454802076E-001     2.1863271066231356E+000     4.5862377417861397E+000    -6.9764028809480214E+000     5.7200606105130545E+000 
                        206     9.9912642271247332E-001     2.1860311827731871E+000     4.5917474656033850E+000    -6.9674439097821113E+000     5.7347414995362502E+000 
                        207     9.9909820787710879E-001     2.1857355423048728E+000     4.5970509077868797E+000    -6.9584830396100212E+000     5.7492280990281390E+000 
                        208     9.9906949150385327E-001     2.1854401891793196E+000     4.6021761135277863E+000    -6.9494755957816841E+000     5.7635942560510909E+000 
                        209     9.9904000539094451E-001     2.1851425352834775E+000     4.6070821558267667E+000    -6.9404998379794600E+000     5.7777181799064081E+000 
                        210     9.9901051927803575E-001     2.1848503754308370E+000     4.6141879890992925E+000    -6.9271065183409899E+000     5.7986075862850370E+000 
                        211     9.9894943484359844E-001     2.1842617198743626E+000     4.6207359042727010E+000    -6.9135499878627016E+000     5.8191087439293403E+000 
                        212     9.9891779972885553E-001     2.1839653245326414E+000     4.6249583589142560E+000    -6.9045649686172323E+000     5.8325967939206809E+000 
                        213     9.9888616461411261E-001     2.1836744087225282E+000     4.6311004194847252E+000    -6.8911706353156301E+000     5.8525799844627526E+000 
                        214     9.9882063252235842E-001     2.1830883071184513E+000     4.6387477351919353E+000    -6.8732696128158981E+000     5.8787362415011506E+000 
                        215     9.9875275993329693E-001     2.1825034244524009E+000     4.6441345449212497E+000    -6.8598473108117259E+000     5.8980075100875569E+000 
                        216     9.9871761274873838E-001     2.1822088724721702E+000     4.6476418877894803E+000    -6.8509649470681984E+000     5.9107187880597429E+000 
                        217     9.9868246556417983E-001     2.1819197011833280E+000     4.6527946342165469E+000    -6.8377460378169417E+000     5.9295878359357435E+000 
                        218     9.9860966539942431E-001     2.1813369465306707E+000     4.6593351479051801E+000    -6.8201902565917765E+000     5.9543517882233647E+000 
                        219     9.9853427258861183E-001     2.1807550113986913E+000     4.6640316953181813E+000    -6.8070947675089801E+000     5.9726454085634018E+000 
                        220     9.9849523496329151E-001     2.1804617563163631E+000     4.6671199541359449E+000    -6.7984410691170751E+000     5.9847325652378300E+000 
                        221     9.9845619733797120E-001     2.1801737090186499E+000     4.6717003126584000E+000    -6.7855734747756076E+000     6.0027064753595409E+000 
                        222     9.9837534679892925E-001     2.1795928122834947E+000     4.6776185468066629E+000    -6.7685443598514121E+000     6.0263485114100304E+000 
                        223     9.9829162496540702E-001     2.1790120905769417E+000     4.6834051804277985E+000    -6.7517097121533913E+000     6.0496623537089702E+000 
                        224     9.9820493256414633E-001     2.1784313021167088E+000     4.6876501587559298E+000    -6.7391940131344796E+000     6.0669334545023936E+000 
                        225     9.9816004974741257E-001     2.1781382719740052E+000     4.6904705682235033E+000    -6.7309252714033612E+000     6.0783659457829202E+000 
                        226     9.9811516693067881E-001     2.1778501905702026E+000     4.6946946125031301E+000    -6.7186386901659123E+000     6.0953923901237967E+000 
                        227     9.9802222187790002E-001     2.1772685171363126E+000     4.7002535830893768E+000    -6.7024264748278464E+000     6.1178442041887724E+000 
                        228     9.9792598753335859E-001     2.1766859887004539E+000     4.7057844222344531E+000    -6.6864308622751683E+000     6.1400440528483866E+000 
                        229     9.9782635014343424E-001     2.1761023245016768E+000     4.7099087954806143E+000    -6.6745725285792812E+000     6.1565206767466041E+000 
                        230     9.9777477101643020E-001     2.1758074247334034E+000     4.7126707600646318E+000    -6.6667388260053793E+000     6.1674422272057665E+000 
                        231     9.9772319188942615E-001     2.1755172107048755E+000     4.7154371041388847E+000    -6.6589604907022384E+000     6.1783108034508230E+000 
                        232     9.9766979129046762E-001     2.1752214836103998E+000     4.7182085934562350E+000    -6.6512380981634420E+000     6.1891239891525132E+000 
                        233     9.9761639069150909E-001     2.1749303790737873E+000     4.7223958844206573E+000    -6.6397629736396908E+000     6.2052592436349174E+000 
                        234     9.9750581998822807E-001     2.1743415524161889E+000     4.7279981907237980E+000    -6.6246550877796064E+000     6.2265810272487014E+000 
                        235     9.9739134846600230E-001     2.1737503898236104E+000     4.7336562386941585E+000    -6.6097748247469905E+000     6.2477161652467608E+000 
                        236     9.9727283977528047E-001     2.1731565669810999E+000     4.7379331934685025E+000    -6.5987660469824494E+000     6.2634352436305658E+000 
                        237     9.9721149601803871E-001     2.1728559523065227E+000     4.7408151517511072E+000    -6.5914968861300691E+000     6.2738704587826328E+000 
                        238     9.9715015226079695E-001     2.1725597173584110E+000     4.7437184025988515E+000    -6.5842858092550065E+000     6.2842639132711771E+000 
                        239     9.9708664551863113E-001     2.1722574631137834E+000     4.7466431700459975E+000    -6.5771299062592412E+000     6.2946191596533021E+000 
                        240     9.9702313877646531E-001     2.1719595313643865E+000     4.7510837783217328E+000    -6.5665012711239790E+000     6.3100891727873059E+000 
                        241     9.9689164673629593E-001     2.1713556937025684E+000     4.7570786478387239E+000    -6.5525268230654961E+000     6.3305687714670773E+000 
                        242     9.9675551860005274E-001     2.1707478222571561E+000     4.7631768877520253E+000    -6.5387713624815751E+000     6.3509116178125966E+000 
                        243     9.9661459333673630E-001     2.1701355742030723E+000     4.7678119767172209E+000    -6.5285987916386556E+000     6.3660662479091581E+000 
                        244     9.9654165137141226E-001     2.1698250268142978E+000     4.7709408020099353E+000    -6.5218819652289621E+000     6.3761389981573986E+000 
                        245     9.9646870940608823E-001     2.1695185931113263E+000     4.7756929510759329E+000    -6.5119031677251602E+000     6.3911971212760479E+000 
                        246     9.9631770774986317E-001     2.1688966447870492E+000     4.7821080230840503E+000    -6.4987773366251060E+000     6.4111561334424723E+000 
                        247     9.9616143342991048E-001     2.1682694418272899E+000     4.7886222883280309E+000    -6.4858493522704581E+000     6.4309920439416590E+000 
                        248     9.9599973558224464E-001     2.1676367582521880E+000     4.7952286614138906E+000    -6.4731059746657262E+000     6.4507150515248730E+000 
                        249     9.9583246014376481E-001     2.1669983805547974E+000     4.8019185004780907E+000    -6.4605349963695771E+000     6.4703243934807251E+000 
                        250     9.9565944386874172E-001     2.1663540844401288E+000     4.8086819840972064E+000    -6.4481294659050299E+000     6.4898235793362078E+000 
                        251     9.9548051171296181E-001     2.1657036200100537E+000     4.8155088126783872E+000    -6.4358721795046874E+000     6.5092208232474063E+000 
                        252     9.9529547590459433E-001     2.1650467269364069E+000     4.8223887074085434E+000    -6.4237569042079397E+000     6.5285158954202425E+000 
                        253     9.9510413671811282E-001     2.1643831240214455E+000     4.8293116425449893E+000    -6.4117641801082152E+000     6.5477167691347020E+000 
                        254     9.9490628379297263E-001     2.1637125366188359E+000     4.8362682781068971E+000    -6.3998821157902439E+000     6.5668304020064694E+000 
                        255     9.9470169667889874E-001     2.1630346894749626E+000     4.8432502585618842E+000    -6.3880986245552975E+000     6.5858569946796193E+000 
                        256     9.9449014540367320E-001     2.1623493109693377E+000     4.8502502846411115E+000    -6.3764066160790227E+000     6.6048062116459629E+000 
                        257     9.9427139004570986E-001     2.1616561256448765E+000     4.8572621492832875E+000    -6.3647935687116037E+000     6.6236813292189414E+000 
                        258     9.9404517946365101E-001     2.1609548605924811E+000     4.8642807223174653E+000    -6.3532497945608535E+000     6.6424904007934193E+000 
                        259     9.9381125250488933E-001     2.1602452467350943E+000     4.8713017955297317E+000    -6.3417655591066184E+000     6.6612342299872429E+000 
                        260     9.9356933926701096E-001     2.1595270243186024E+000     4.8783218670956998E+000    -6.3303353931295421E+000     6.6799198063803065E+000 
                        261     9.9331916096791351E-001     2.1587999367070014E+000     4.8853380958596659E+000    -6.3189514374975255E+000     6.6985508845769957E+000 
                        262     9.9306042681811346E-001     2.1580637264848632E+000     4.8923483107497825E+000    -6.3076125375623162E+000     6.7171323161130809E+000 
                        263     9.9279283160454623E-001     2.1573181190247466E+000     4.8993509265437947E+000    -6.2963086345162198E+000     6.7356697401581833E+000 
                        264     9.9251605667243714E-001     2.1565628423593641E+000     4.9063447612442692E+000    -6.2850385560075042E+000     6.7541653553016952E+000 
                        265     9.9222977637981735E-001     2.1557976310020908E+000     4.9133287242193653E+000    -6.2737961180794493E+000     6.7726230340076947E+000 
                        266     9.9193366517223602E-001     2.1550222534348635E+000     4.9203016051708435E+000    -6.2625726473255643E+000     6.7910457647670359E+000 
                        267     9.9162739795749444E-001     2.1542365166553741E+000     4.9254885411156071E+000    -6.2541794364236454E+000     6.8047967945785608E+000 
                        268     9.9147035431810104E-001     2.1538397109346787E+000     4.9307372705592964E+000    -6.2457783139583496E+000     6.8186206995961118E+000 
                        269     9.9114824378923494E-001     2.1530381093557440E+000     4.9376766732615982E+000    -6.2346045416244467E+000     6.8369664499464529E+000 
                        270     9.9081516335025899E-001     2.1522257467379879E+000     4.9446004990300887E+000    -6.2234509667447737E+000     6.8552802205387469E+000 
                        271     9.9047078311292824E-001     2.1514024832173329E+000     4.9515076744064270E+000    -6.2123098407761654E+000     6.8735646081520905E+000 
                        272     9.9011476729886660E-001     2.1505681968951254E+000     4.9583972682200059E+000    -6.2011815375345227E+000     6.8918213993850301E+000 
                        273     9.8974677161279456E-001     2.1497227626741324E+000     4.9652685190180037E+000    -6.1900634494496680E+000     6.9100474768299804E+000 
                        274     9.8936644170131760E-001     2.1488660549431735E+000     4.9721208655491038E+000    -6.1789544612441141E+000     6.9282506668918140E+000 
                        275     9.8897341227567825E-001     2.1479979434740435E+000     4.9789539595088410E+000    -6.1678594152302937E+000     6.9464216068537397E+000 
                        276     9.8856730752415689E-001     2.1471182829706392E+000     4.9840325535008656E+000    -6.1595497582174428E+000     6.9599946603680563E+000 
                        277     9.8835923176848117E-001     2.1466740864743552E+000     4.9891670195635047E+000    -6.1512350780357394E+000     6.9736325223217941E+000 
                        278     9.8793278902116721E-001     2.1457768408710889E+000     4.9959516067068614E+000    -6.1401648064879701E+000     6.9917392733826524E+000 
                        279     9.8749229381366177E-001     2.1448677002070689E+000     5.0027169805962171E+000    -6.1291013011040665E+000     7.0098229101954379E+000 
                        280     9.8703734572963620E-001     2.1439465432041889E+000     5.0077458992722867E+000    -6.1208152461041134E+000     7.0233287711610872E+000 
                        281     9.8680432607018886E-001     2.1434814304203345E+000     5.0128292392082470E+000    -6.1125236901621900E+000     7.0369014454672358E+000 
                        282     9.8632694384199393E-001     2.1425420390080130E+000     5.0195473160454966E+000    -6.1014844376056034E+000     7.0549207012576209E+000 
                        283     9.8583410667169469E-001     2.1415903805847849E+000     5.0245415830089959E+000    -6.0932169950814528E+000     7.0683795495284283E+000 
                        284     9.8558177011645842E-001     2.1411099406511420E+000     5.0278863147977333E+000    -6.0877052591575795E+000     7.0773702720679985E+000 
                        285     9.8532542391208411E-001     2.1406264144299780E+000     5.0329258922628952E+000    -6.0794371708312847E+000     7.0908818959355298E+000 
                        286     9.8480051542687319E-001     2.1396500817843274E+000     5.0395858728221956E+000    -6.0684317260288259E+000     7.1088199913137124E+000 
                        287     9.8425902075263649E-001     2.1386614138643911E+000     5.0462251023806095E+000    -6.0574386697628411E+000     7.1267262705906687E+000 
                        288     9.8370059318809056E-001     2.1376604590864572E+000     5.0528425519498432E+000    -6.0464644700424115E+000     7.1445985191273307E+000 
                        289     9.8312489380835966E-001     2.1366472703212196E+000     5.0594371252923755E+000    -6.0355058134755923E+000     7.1624329017293880E+000 
                        290     9.8253159026519199E-001     2.1356219237798184E+000     5.0660077734324886E+000    -6.0245667306615376E+000     7.1802286982970713E+000 
                        291     9.8192034048258880E-001     2.1345844729119547E+000     5.0725536536350608E+000    -6.0136475689307600E+000     7.1979815934461193E+000 
                        292     9.8129077880556204E-001     2.1335349343381500E+000     5.0790742237227624E+000    -6.0027482062126731E+000     7.2156936269589416E+000 
                        293     9.8064250769064554E-001     2.1324732774034567E+000     5.0855692682472426E+000    -5.9918704874021378E+000     7.2333594550876184E+000 
                        294     9.7997509371771607E-001     2.1313994156838052E+000     5.0920389043053609E+000    -5.9810097186163649E+000     7.2509856026442714E+000 
                        295     9.7928806563738380E-001     2.1303132230727808E+000     5.0984835758737921E+000    -5.9701683703924946E+000     7.2685720174997810E+000 
                        296     9.7858091266381875E-001     2.1292145165447072E+000     5.1049040072711307E+000    -5.9593451320802728E+000     7.2861187891441226E+000 
                        297     9.7785308793294801E-001     2.1281030737805549E+000     5.1113011262807770E+000    -5.9485411678512472E+000     7.3036282397846515E+000 
                        298     9.7710401326498353E-001     2.1269786365015926E+000     5.1176759994024312E+000    -5.9377520361199698E+000     7.3211040118256649E+000 
                        299     9.7633308159815346E-001     2.1258409304515449E+000     5.1240297931435848E+000    -5.9269744216640206E+000     7.3385514588966441E+000 
                        300     9.7553965777859208E-001     2.1246896656367618E+000     5.1303637442717784E+000    -5.9162081238865678E+000     7.3559682631371350E+000 
                        301     9.7472308011707620E-001     2.1235245319341671E+000     5.1366791381016119E+000    -5.9054534545237720E+000     7.3733607029022732E+000 
                        302     9.7388266123962797E-001     2.1223451999715941E+000     5.1429772872880299E+000    -5.8947029279927419E+000     7.3907356538849545E+000 
                        303     9.7301769184260867E-001     2.1211513486873868E+000     5.1492594833902530E+000    -5.8839586548567890E+000     7.4080875439699989E+000 
                        304     9.7212744397075423E-001     2.1199426446803606E+000     5.1555269566766562E+000    -5.8732203997446266E+000     7.4254246429864201E+000 
                        305     9.7121116998526680E-001     2.1187187473454401E+000     5.1617808656174509E+000    -5.8624858404553262E+000     7.4427501310436677E+000 
                        306     9.7026810093375382E-001     2.1174793129877383E+000     5.1680222999250214E+000    -5.8517542728655956E+000     7.4600647974268899E+000 
                        307     9.6929744533999584E-001     2.1162239892685362E+000     5.1742522894904512E+000    -5.8410231206280061E+000     7.4773697290066323E+000 
                        308     9.6829838856212580E-001     2.1149524203757624E+000     5.1804718078853487E+000    -5.8302892395963930E+000     7.4946716625615064E+000 
                        309     9.6727009111676954E-001     2.1136642474226659E+000     5.1866817824719060E+000    -5.8195528107928656E+000     7.5119677086673242E+000 
                        310     9.6621168658653844E-001     2.1123590968206405E+000     5.1928830838259161E+000    -5.8088142561018650E+000     7.5292641933746145E+000 
                        311     9.6512228002017375E-001     2.1110365780749789E+000     5.1990764951124344E+000    -5.7980685215454999E+000     7.5465615824150829E+000 
                        312     9.6400094990459573E-001     2.1096963035943932E+000     5.2052627001210450E+000    -5.7873148895487105E+000     7.5638658656443072E+000 
                        313     9.6284674912018520E-001     2.1083378775358965E+000     5.2114423144551729E+000    -5.7765514863731307E+000     7.5811767885381247E+000 
                        314     9.6165870406880349E-001     2.1069608988795059E+000     5.2176159265372810E+000    -5.7657813202509898E+000     7.5984915347992166E+000 
                        315     9.6043581374159370E-001     2.1055649452389242E+000     5.2237841161990941E+000    -5.7549992845691582E+000     7.6158179497711762E+000 
                        316     9.5917704905126888E-001     2.1041495983131768E+000     5.2299474485667883E+000    -5.7442013280062652E+000     7.6331615916805449E+000 
                        317     9.5788135276187270E-001     2.1027144416256376E+000     5.2361064530947106E+000    -5.7333921540254362E+000     7.6505147149632347E+000 
                        318     9.5654763980328128E-001     2.1012590324818121E+000     5.2422616170329794E+000    -5.7225677492269114E+000     7.6678866088247792E+000 
                        319     9.5517479849548836E-001     2.0997829321646080E+000     5.2484133821106473E+000    -5.7117273432093958E+000     7.6852767037880492E+000 
                        320     9.5376169252244714E-001     2.0982856977216562E+000     5.2545621536574609E+000    -5.7008678715572465E+000     7.7026873749783134E+000 
                        321     9.5230716309425267E-001     2.0967668923608582E+000     5.2607083070744753E+000    -5.6899886163440643E+000     7.7201181444727771E+000 
                        322     9.5081003318908142E-001     2.0952260819479216E+000     5.2668521709762306E+000    -5.6790917496794222E+000     7.7375696087311665E+000 
                        323     9.4926911309553064E-001     2.0936628299062248E+000     5.2729940265179058E+000    -5.6681714854507330E+000     7.7550488156886912E+000 
                        324     9.4768320148987273E-001     2.0920767262338811E+000     5.2791341110231880E+000    -5.6572300081893587E+000     7.7725505584515320E+000 
                        325     9.4605108581522890E-001     2.0904673588546747E+000     5.2852726084577268E+000    -5.6462665969836836E+000     7.7900777487705914E+000 
                        326     9.4437154700741177E-001     2.0888343278820929E+000     5.2914096271608839E+000    -5.6352783834999496E+000     7.8076327842878612E+000 
                        327     9.4264336388490499E-001     2.0871772572952110E+000     5.2975451908430644E+000    -5.6242694751068134E+000     7.8252115026144136E+000 
                        328     9.4086530970371007E-001     2.0854957641286926E+000     5.3036792556128063E+000    -5.6132415298370502E+000     7.8428158775788379E+000 
                        329     9.3903615207052238E-001     2.0837894659828882E+000     5.3098117213736877E+000    -5.6021874915082908E+000     7.8604470820533194E+000 
                        330     9.3715465454839308E-001     2.0820580160216724E+000     5.3159424416114698E+000    -5.5911089281227691E+000     7.8781067565663818E+000 
                        331     9.3521957386604548E-001     2.0803010663100880E+000     5.3220712340338849E+000    -5.5800114664272833E+000     7.8957894347811504E+000 
                        332     9.3322965697923388E-001     2.0785182471052064E+000     5.3281978926550861E+000    -5.5688944801806750E+000     7.9134962590394213E+000 
                        333     9.3118364007212773E-001     2.0767091897691996E+000     5.3343222093866531E+000    -5.5577541238206445E+000     7.9312285561000451E+000 
                        334     9.2908024498758901E-001     2.0748735367474356E+000     5.3404439881301560E+000    -5.5465915400094961E+000     7.9489853229982188E+000 
                        335     9.2691817472656746E-001     2.0730109166622692E+000     5.3465630516711258E+000    -5.5354074394210198E+000     7.9667658519122657E+000 
                        336     9.2469610989209061E-001     2.0711209423238670E+000     5.3526792568386705E+000    -5.5242030101398791E+000     7.9845717611769382E+000 
                        337     9.2241270741957637E-001     2.0692032068928854E+000     5.3587925041074280E+000    -5.5129761071820509E+000     8.0023992681061742E+000 
                        338     9.2006660094498893E-001     2.0672572984065107E+000     5.3649027382231704E+000    -5.5017294579846601E+000     8.0202512653957196E+000 
                        339     9.1765639865819626E-001     2.0652827758988024E+000     5.3710099461439809E+000    -5.4904597536607680E+000     8.0381265038050884E+000 
                        340     9.1518068298162913E-001     2.0632791957922549E+000     5.3771141382640337E+000    -5.4791688740906395E+000     8.0560248027531962E+000 
                        341     9.1263801439480607E-001     2.0612460910814971E+000     5.3832153369530156E+000    -5.4678552195882535E+000     8.0739475216480088E+000 
                        342     9.1002693243115040E-001     2.0591829874392613E+000     5.3893135726716590E+000    -5.4565212380189578E+000     8.0918934254945505E+000 
                        343     9.0734595613617197E-001     2.0570893837016442E+000     5.3954088742233202E+000    -5.4451640012935663E+000     8.1098650205010063E+000 
                        344     9.0459358646088783E-001     2.0549647785069212E+000     5.4015012696168903E+000    -5.4337898798341699E+000     8.1278589629756492E+000 
                        345     9.0176830675079578E-001     2.0528086242589612E+000     5.4075907919257880E+000    -5.4223917486915001E+000     8.1458771828723311E+000 
                        346     8.9886858204530362E-001     2.0506203917120658E+000     5.4136774854464758E+000    -5.4109717734214140E+000     8.1639186446315932E+000 
                        347     8.9589285981096967E-001     2.0483995242307773E+000     5.4197614057452590E+000    -5.3995290441303885E+000     8.1819854673450845E+000 
                        348     8.9283957010363546E-001     2.0461454520417157E+000     5.4258426168745713E+000    -5.3880599754662635E+000     8.2000798575237077E+000 
                        349     8.8970712617645886E-001     2.0438576060367657E+000     5.4319211536751970E+000    -5.3765706347206699E+000     8.2181964878815599E+000 
                        350     8.8649392422078765E-001     2.0415353657364772E+000     5.4379969837036972E+000    -5.3650576438090942E+000     8.2363413381584660E+000 
                        351     8.8319834347678750E-001     2.0391781072532820E+000     5.4440700107117053E+000    -5.3535230564770879E+000     8.2545098047418897E+000 
                        352     8.7981874584738673E-001     2.0367851727967765E+000     5.4501401375920064E+000    -5.3419637467415075E+000     8.2727043146791690E+000 
                        353     8.7635347670740060E-001     2.0343558980801784E+000     5.4562073591103886E+000    -5.3303809649400433E+000     8.2909267431097149E+000 
                        354     8.7280086446965410E-001     2.0318895866967375E+000     5.4622717925069155E+000    -5.3187715285528467E+000     8.3091762563116909E+000 
                        355     8.6915922118956968E-001     2.0293855340847169E+000     5.4683336494815515E+000    -5.3071419812362386E+000     8.3274520593227752E+000 
                        356     8.6542684244816237E-001     2.0268429696655832E+000     5.4743931815138707E+000    -5.2954858391224890E+000     8.3457573367803359E+000 
                        357     8.6160200683984156E-001     2.0242611296796857E+000     5.4804506446484949E+000    -5.2838038194456383E+000     8.3640892385710401E+000 
                        358     8.5768297558196815E-001     2.0216392140664050E+000     5.4865063064622221E+000    -5.2720904717436898E+000     8.3824538668270634E+000 
                        359     8.5366799271953786E-001     2.0189764223020101E+000     5.4925604358357729E+000    -5.2603530229051660E+000     8.4008457509667025E+000 
                        360     8.4955528688649729E-001     2.0162718753709825E+000     5.4986132979449520E+000    -5.2485888581520479E+000     8.4192701381987085E+000 
                        361     8.4534307224766403E-001     2.0135246731674914E+000     5.5046651555722272E+000    -5.2367963631575920E+000     8.4377244818177282E+000 
                        362     8.4102955052695672E-001     2.0107338880399181E+000     5.5107162636264411E+000    -5.2249795027879715E+000     8.4562122323223647E+000 
                        363     8.3661291292748052E-001     2.0078985273243934E+000     5.5167668764943878E+000    -5.2131328141070901E+000     8.4747338382967694E+000 
                        364     8.3209134308345267E-001     2.0050175932197898E+000     5.5228172494067653E+000    -5.2012587292326620E+000     8.4932873272604397E+000 
                        365     8.2746301782202059E-001     2.0020900293326958E+000     5.5288676562587300E+000    -5.1893521742671265E+000     8.5118767990679167E+000 
                        366     8.2272611120899808E-001     1.9991147703962009E+000     5.5349184210937663E+000    -5.1774175917455363E+000     8.5305024524494613E+000 
                        367     8.1787879753364379E-001     1.9960906765563173E+000     5.5409699403857022E+000    -5.1654480804817346E+000     8.5491653562145711E+000 
                        368     8.1291925433797463E-001     1.9930166098827129E+000     5.5470226739397246E+000    -5.1534506550244066E+000     8.5678645690350326E+000 
                        369     8.0784566408712943E-001     1.9898913343680675E+000     5.5530771114881929E+000    -5.1414185107745070E+000     8.5866050058657617E+000 
                        370     8.0265621324555392E-001     1.9867136087616113E+000     5.5591337495627284E+000    -5.1293590362483412E+000     8.6053809424343015E+000 
                        371     7.9734909199665371E-001     1.9834820793625814E+000     5.5651930924416400E+000    -5.1172635513175342E+000     8.6242030287020963E+000 
                        372     7.9192249586892405E-001     1.9801953940139878E+000     5.5712556243833298E+000    -5.1051348175473787E+000     8.6430644463816364E+000 
                        373     7.8637462894361843E-001     1.9768521155448167E+000     5.5773217902612879E+000    -5.0929708719589950E+000     8.6619704576031236E+000 
                        374     7.8070370394563882E-001     1.9734507516345128E+000     5.5833919936340779E+000    -5.0807715710982322E+000     8.6809238043975796E+000 
                        375     7.7490794526532825E-001     1.9699897372574722E+000     5.5894665926590132E+000    -5.0685380920901117E+000     8.6999189498985317E+000 
                        376     7.6898558960361552E-001     1.9664674177649839E+000     5.5955459097271651E+000    -5.0562665993996641E+000     8.7189613657357583E+000 
                        377     7.6293488536017817E-001     1.9628820823635467E+000     5.6016302342921236E+000    -5.0439572787129956E+000     8.7380549273244075E+000 
                        378     7.5675409513337066E-001     1.9592319267557978E+000     5.6077198351807214E+000    -5.0316081146887495E+000     8.7571981905779666E+000 
                        379     7.5044149722278353E-001     1.9555150647266757E+000     5.6138150219530134E+000    -5.0192170054110656E+000     8.7763944820703088E+000 
                        380     7.4399538615973482E-001     1.9517295220217847E+000     5.6199161726647588E+000    -5.0067852711368896E+000     8.7956454193090128E+000 
                        381     7.3741407468542097E-001     1.9478731989701457E+000     5.6260237279499803E+000    -4.9943083107742323E+000     8.8149503791325099E+000 
                        382     7.3069589702811477E-001     1.9439439150851834E+000     5.6321112938832334E+000    -4.9817445105506346E+000     8.8343155767463557E+000 
                        383     7.2383921269456319E-001     1.9399397503304667E+000     5.6380187376408220E+000    -4.9688321772803272E+000     8.8537415489530034E+000 
                        384     7.1684241661902859E-001     1.9358611772049410E+000     5.6437709339446309E+000    -4.9556138091043325E+000     8.8732262753662035E+000 
                        385     7.0970394398813275E-001     1.9317083628121208E+000     5.6493863723872728E+000    -4.9421055413710544E+000     8.8927767707092542E+000 
                        386     7.0242227180964156E-001     1.9274813922973568E+000     5.6548804773131343E+000    -4.9283349932792380E+000     8.9123933259583126E+000 
                        387     6.9499592155930090E-001     1.9231801415583309E+000     5.6602666470825866E+000    -4.9143200601565749E+000     8.9320730737302458E+000 
                        388     6.8742346509792074E-001     1.9188043544714777E+000     5.6655568966096181E+000    -4.9000785361012928E+000     8.9518169745654532E+000 
                        389     6.7970352464106365E-001     1.9143536267665828E+000     5.6707621087704334E+000    -4.8856241714814521E+000     8.9716320123430151E+000 
                        390     6.7183478566909449E-001     1.9098274382555784E+000     5.6745972069121686E+000    -4.8746006477762212E+000     8.9865556364963073E+000 
                        391     6.6784422452204528E-001     1.9075361628299670E+000     5.6771452247489442E+000    -4.8672320811329284E+000     8.9965100117147419E+000 
                        392     6.6381600316914913E-001     1.9052257448693286E+000     5.6796772110431482E+000    -4.8598169018043675E+000     9.0064812916760033E+000 
                        393     6.5974997716137951E-001     1.9028960865211932E+000     5.6821941722247633E+000    -4.8523598813694422E+000     9.0164706173027760E+000 
                        394     6.5564600877815482E-001     1.9005470649205078E+000     5.6846970324091579E+000    -4.8448595001339756E+000     9.0264751299457480E+000 
                        395     6.5150396482265416E-001     1.8981785641498783E+000     5.6871866619790481E+000    -4.8373186898664287E+000     9.0364973536170350E+000 
                        396     6.4732371824201307E-001     1.8957904517906734E+000     5.6896638875641488E+000    -4.8297421427869134E+000     9.0465342093599386E+000 
                        397     6.4310514651988804E-001     1.8933825672441604E+000     5.6921294688992985E+000    -4.8221277242480811E+000     9.0565895239554415E+000 
                        398     6.3884813437886501E-001     1.8909547603150052E+000     5.6945841438269964E+000    -4.8144744031866784E+000     9.0666593687567207E+000 
                        399     6.3455257194375925E-001     1.8885068843257631E+000     5.6970285991424081E+000    -4.8067900774106196E+000     9.0767439350307697E+000 
                        400     6.3021835644296487E-001     1.8860387460491170E+000     5.6994634669079973E+000    -4.7990709765527892E+000     9.0868443791686904E+000 
                        401     6.2584539059349642E-001     1.8835501697795547E+000     5.7018893595367803E+000    -4.7913193728586050E+000     9.0969625708107937E+000 
                        402     6.2143358468823529E-001     1.8810409641832335E+000     5.7043068525694993E+000    -4.7835368036629387E+000     9.1070972981018254E+000 
                        403     6.1698285690227883E-001     1.8785109259237676E+000     5.7067164829161685E+000    -4.7757250941988678E+000     9.1172446247316099E+000 
                        404     6.1249313120293825E-001     1.8759598360751431E+000     5.7091187763353810E+000    -4.7678835495465197E+000     9.1274084521954268E+000 
                        405     6.0796433877361644E-001     1.8733874751770923E+000     5.7115142382772035E+000    -4.7600155226129521E+000     9.1375868119864609E+000 
                        406     6.0339641699170365E-001     1.8707935981900303E+000     5.7139033305779607E+000    -4.7521223255768987E+000     9.1477775312897744E+000 
                        407     5.9878931307394478E-001     1.8681779476396314E+000     5.7162865192504215E+000    -4.7441971259694347E+000     9.1579893563381436E+000 
                        408     5.9414297945660666E-001     1.8655403001634041E+000     5.7186642314288632E+000    -4.7362503343689770E+000     9.1682111640851911E+000 
                        409     5.8945737764891670E-001     1.8628803639515783E+000     5.7210368751128566E+000    -4.7282783042824672E+000     9.1784478809864591E+000 
                        410     5.8473247676996198E-001     1.8601978618633619E+000     5.7234048466401921E+000    -4.7202835650823411E+000     9.1886991038051526E+000 
                        411     5.7996825623080139E-001     1.8574924949040774E+000     5.7257685228241355E+000    -4.7122647340280350E+000     9.1989648699508688E+000 
                        412     5.7516470281111931E-001     1.8547639641308722E+000     5.7281282769428579E+000    -4.7042219287624354E+000     9.2092455757848022E+000 
                        413     5.7032181442735352E-001     1.8520119632256096E+000     5.7304844589759050E+000    -4.6961590107889357E+000     9.2195378093019329E+000 
                        414     5.6543959857556891E-001     1.8492361529813415E+000     5.7328373954392724E+000    -4.6880764623463209E+000     9.2298432046391721E+000 
                        415     5.6051807279326171E-001     1.8464361817459345E+000     5.7351874092664303E+000    -4.6799751737925428E+000     9.2401633046373188E+000 
                        416     5.5555726724986165E-001     1.8436116835261034E+000     5.7375348333722398E+000    -4.6718516065990485E+000     9.2504983010482302E+000 
                        417     5.5055722119842465E-001     1.8407623044364096E+000     5.7398799645045466E+000    -4.6637146470396331E+000     9.2608425747241121E+000 
                        418     5.4551798607153479E-001     1.8378876221110751E+000     5.7422230980190339E+000    -4.6555588530560295E+000     9.2712008173421463E+000 
                        419     5.4043962198487361E-001     1.8349872364476423E+000     5.7445645577076405E+000    -4.6473865438378308E+000     9.2815707669501943E+000 
                        420     5.3532220285757504E-001     1.8320607210403581E+000     5.7469046362634373E+000    -4.6392001779207881E+000     9.2919527685789980E+000 
                        421     5.3016581148552389E-001     1.8291076178218775E+000     5.7492436127790638E+000    -4.6309994207714604E+000     9.3023487906782361E+000 
                        422     5.2497054246764652E-001     1.8261274563486745E+000     5.7515817871876118E+000    -4.6227832249887770E+000     9.3127541961042635E+000 
                        423     5.1973650348738420E-001     1.8231197588253822E+000     5.7539194480906577E+000    -4.6145521165783787E+000     9.3231735835242979E+000 
                        424     5.1446381240558714E-001     1.8200840268680765E+000     5.7562568397616127E+000    -4.6063112680764240E+000     9.3336011933669898E+000 
                        425     5.0915260230626891E-001     1.8170197101512131E+000     5.7585942169680759E+000    -4.5980543945118395E+000     9.3440416974291516E+000 
                        426     5.0380302096204488E-001     1.8139262854547653E+000     5.7609318083116232E+000    -4.5897874488868284E+000     9.3544909544930785E+000 
                        427     4.9841523078873068E-001     1.8108031693284978E+000     5.7632698107022433E+000    -4.5815076288359986E+000     9.3649544263549647E+000 
                        428     4.9298941050716566E-001     1.8076497796764655E+000     5.7656083840322774E+000    -4.5732187117585639E+000     9.3754260264505032E+000 
                        429     4.8752575561315009E-001     1.8044654873513675E+000     5.7679476980994879E+000    -4.5649195744890694E+000     9.3859079329982382E+000 
                        430     4.8202447878426619E-001     1.8012496501674760E+000     5.7702878872698751E+000    -4.5566110640928033E+000     9.3963999454852356E+000 
                        431     4.7648580961242409E-001     1.7980015970459002E+000     5.7726290653748675E+000    -4.5482937730980568E+000     9.4069013066856186E+000 
                        432     4.7090999669738948E-001     1.7947206294112030E+000     5.7749713261137243E+000    -4.5399700351234653E+000     9.4174110658827619E+000 
                        433     4.6529730440226774E-001     1.7914060040714592E+000     5.7773147588365923E+000    -4.5316348943577021E+000     9.4279335467323904E+000 
                        434     4.5964801732441168E-001     1.7880569899572378E+000     5.7796594254689522E+000    -4.5232968452025633E+000     9.4384600466478261E+000 
                        435     4.5396243759393246E-001     1.7846727613088564E+000     5.7820054133903067E+000    -4.5149480621708147E+000     9.4489984376286227E+000 
                        436     4.4824088618753338E-001     1.7812525223107161E+000     5.7843528159652342E+000    -4.5065933107865241E+000     9.4595455815982401E+000 
                        437     4.4248370550979493E-001     1.7777954093764310E+000     5.7867017170053252E+000    -4.4982324848264650E+000     9.4700990598936912E+000 
                        438     4.3669125730753228E-001     1.7743005250185402E+000     5.7890522020912565E+000    -4.4898667148800273E+000     9.4806616475436609E+000 
                        439     4.3086392571386817E-001     1.7707669273413984E+000     5.7914043808385367E+000    -4.4814937857064416E+000     9.4912319390874362E+000 
                        440     4.2500211751403455E-001     1.7671936551003691E+000     5.7937583818193072E+000    -4.4731183847260372E+000     9.5018094477875916E+000 
                        441     4.1910626305009896E-001     1.7635796688981382E+000     5.7961143359340124E+000    -4.4647372379876655E+000     9.5123933214804381E+000 
                        442     4.1317681814888724E-001     1.7599239148061121E+000     5.7984723884354255E+000    -4.4563480701124991E+000     9.5229861823909552E+000 
                        443     4.0721426703772184E-001     1.7562253167235533E+000     5.8008326819610936E+000    -4.4479569967811710E+000     9.5335856309053550E+000 
                        444     4.0121911809705163E-001     1.7524826990004825E+000     5.8031953833678296E+000    -4.4395629360785529E+000     9.5441896400541353E+000 
                        445     3.9519190791418685E-001     1.7486948454325038E+000     5.8055606519212386E+000    -4.4311659039852760E+000     9.5548024822506274E+000 
                        446     3.8913320305588645E-001     1.7448604877709153E+000     5.8079286465196640E+000    -4.4227663410479723E+000     9.5654182857534469E+000 
                        447     3.8304359952684558E-001     1.7409782978141779E+000     5.8102995113040672E+000    -4.4143628049696071E+000     9.5760435107328625E+000 
                        448     3.7692372234604993E-001     1.7370469000771906E+000     5.8126733665345380E+000    -4.4059620630555898E+000     9.5866710729212272E+000 
                        449     3.7077422785659614E-001     1.7330647936641554E+000     5.8150503368891320E+000    -4.3975585068931853E+000     9.5973051377404950E+000 
                        450     3.6459580519159734E-001     1.7290304601130217E+000     5.8174305281699148E+000    -4.3891539442522420E+000     9.6079449227896081E+000 
                        451     3.5838917457373681E-001     1.7249422905457426E+000     5.8198140216741541E+000    -4.3807504921389482E+000     9.6185915561953887E+000 
                        452     3.5215509285774144E-001     1.7207985794696559E+000     5.8222008970534480E+000    -4.3723485259703176E+000     9.6292392033700303E+000 
                        453     3.4589435108201455E-001     1.7165975326195766E+000     5.8245912252326750E+000    -4.3639465350023334E+000     9.6398942071783189E+000 
                        454     3.3960777634371170E-001     1.7123372801024350E+000     5.8269850567961718E+000    -4.3555453080823003E+000     9.6505511742333159E+000 
                        455     3.3329623614581488E-001     1.7080158503830332E+000     5.8293824277379640E+000    -4.3471461775059064E+000     9.6612137765710973E+000 
                        456     3.2696064001734287E-001     1.7036311576558092E+000     5.8317833642444592E+000    -4.3387481768755007E+000     9.6718788978188712E+000 
                        457     3.2060193927752451E-001     1.6991810161910872E+000     5.8341878934157254E+000    -4.3303519102369084E+000     9.6825501170594030E+000 
                        458     3.1422112780608941E-001     1.6946631161837979E+000     5.8365960349517598E+000    -4.3219578571003741E+000     9.6932228447710003E+000 
                        459     3.0781924767497298E-001     1.6900750187638331E+000     5.8390078091039905E+000    -4.3135661964071490E+000     9.7038986382167138E+000 
                        460     3.0139738829235668E-001     1.6854141476318885E+000     5.8414232490545821E+000    -4.3051736325516261E+000     9.7145779602896578E+000 
                        461     2.9495668995401109E-001     1.6806778183641973E+000     5.8438423587368069E+000    -4.2967847448394139E+000     9.7252595156120609E+000 
                        462     2.8849834334957830E-001     1.6758631402888855E+000     5.8462651503937497E+000    -4.2884000770436179E+000     9.7359443087746182E+000 
                        463     2.8202359470677302E-001     1.6709670476769891E+000     5.8486916683782244E+000    -4.2800167424980966E+000     9.7466321649840459E+000 
                        464     2.7553374886815346E-001     1.6659863262034396E+000     5.8511219388415983E+000    -4.2716380985571574E+000     9.7573206021889511E+000 
                        465     2.6903016585083267E-001     1.6609175228487978E+000     5.8535560048658635E+000    -4.2632618176620776E+000     9.7680121101880086E+000 
                        466     2.6251427173123515E-001     1.6557570004077724E+000     5.8559938982882436E+000    -4.2548913631918293E+000     9.7787047602540262E+000 
                        467     2.5598755683047775E-001     1.6505008474727276E+000     5.8584356593747122E+000    -4.2465245681820099E+000     9.7893989261553429E+000 
                        468     2.4945157699868709E-001     1.6451449227862249E+000     5.8608813043126355E+000    -4.2381641217480137E+000     9.8000955237633534E+000 
                        469     2.4290796252497587E-001     1.6396847781559678E+000     5.8633308850694608E+000    -4.2298071351959869E+000     9.8107932760204513E+000 
                        470     2.3635841861885382E-001     1.6341157000317321E+000     5.8657844105675458E+000    -4.2214560534377750E+000     9.8214905171320179E+000 
                        471     2.2980472587818462E-001     1.6284326119306423E+000     5.8682418657089617E+000    -4.2131105370541286E+000     9.8321894384978048E+000 
                        472     2.2324875120870585E-001     1.6226300831441567E+000     5.8707032615646488E+000    -4.2047692448803469E+000     9.8428908633147465E+000 
                        473     2.1669244527173886E-001     1.6167023021284319E+000     5.8731685759325121E+000    -4.1964347468932965E+000     9.8535895179585147E+000 
                        474     2.1013785438217486E-001     1.6106429901920583E+000     5.8756377776312627E+000    -4.1881040303511261E+000     9.8642910909078605E+000 
                        475     2.0358711580948813E-001     1.6044454246955002E+000     5.8781108016610197E+000    -4.1797799720719953E+000     9.8749922247476682E+000 
                        476     1.9704247280270598E-001     1.5981023153635663E+000     5.8805876158229218E+000    -4.1714615200392400E+000     9.8856920640673511E+000 
                        477     1.9050627422205418E-001     1.5916057955939369E+000     5.8830681692610431E+000    -4.1631481782569724E+000     9.8963915899964938E+000 
                        478     1.8398098223271492E-001     1.5849473517638397E+000     5.8855524114101385E+000    -4.1548420879069523E+000     9.9070916005417402E+000 
                        479     1.7746918292083486E-001     1.5781177113195386E+000     5.8880403257863474E+000    -4.1465398083335359E+000     9.9177936479434567E+000 
                        480     1.7097358858000916E-001     1.5711068391092187E+000     5.8905318721737876E+000    -4.1382463915805561E+000     9.9284912446314895E+000 
                        481     1.6449704968440043E-001     1.5639037072625670E+000     5.8930270523892547E+000    -4.1299594443342267E+000     9.9391886265490914E+000 
                        482     1.5804256288857405E-001     1.5564962971257041E+000     5.8955258651434486E+000    -4.1216784395637180E+000     9.9498860610062074E+000 
                        483     1.5161328037205285E-001     1.5488714391280278E+000     5.8980283050005289E+000    -4.1134046883742856E+000     9.9605818742788959E+000 
                        484     1.4521252212085661E-001     1.5410146277500463E+000     5.9005343911078825E+000    -4.1051390492114974E+000     9.9712767117806678E+000 
                        485     1.3884378798416058E-001     1.5329098454145289E+000     5.9030441709527190E+000    -4.0968827619426227E+000     9.9819686446128699E+000 
                        486     1.3251076514545163E-001     1.5245393306116428E+000     5.9055577160863360E+000    -4.0886288827890374E+000     9.9926612978958644E+000 
                        487     1.2621734998657047E-001     1.5158834960569616E+000     5.9080750092327925E+000    -4.0803855484011775E+000     1.0003349665077680E+001 
                        488     1.1996766430949451E-001     1.5069203344897801E+000     5.9105960533554729E+000    -4.0721504884575550E+000     1.0014036510723280E+001 
                        489     1.1376606728560218E-001     1.4976252427716219E+000     5.9131208734868386E+000    -4.0639225335553046E+000     1.0024723871271526E+001 
                        490     1.0761718301620765E-001     1.4879705767625264E+000     5.9156494839957192E+000    -4.0557047929222065E+000     1.0035405827099996E+001 
                        491     1.0152592455206150E-001     1.4779250224892444E+000     5.9181819126958120E+000    -4.0474946654240025E+000     1.0046086079898055E+001 
                        492     9.5497517147423772E-002     1.4674530603216478E+000     5.9207181448419117E+000    -4.0392911916903858E+000     1.0056764060499317E+001 
                        493     8.9537535961863923E-002     1.4565141369238470E+000     5.9232581227942553E+000    -4.0310994683651833E+000     1.0067438533818496E+001 
                        494     8.3651942655909528E-002     1.4450614963102533E+000     5.9258018570979027E+000    -4.0229154865849468E+000     1.0078109681454535E+001 
                        495     7.7847124481005114E-002     1.4330411206243390E+000     5.9283493284716391E+000    -4.0147419243120961E+000     1.0088779153375071E+001 
                        496     7.2129948363129637E-002     1.4203899317566759E+000     5.9309005339191883E+000    -4.0065749578885912E+000     1.0099446293794228E+001 
                        497     6.6507818085304093E-002     1.4070338591236418E+000     5.9334554695221273E+000    -3.9984169747839560E+000     1.0110107762089195E+001 
                        498     6.0988750228572808E-002     1.3928849052877743E+000     5.9360140483545081E+000    -3.9902671794383457E+000     1.0120767679793753E+001 
                        499     5.5581461005468735E-002     1.3778375484127194E+000     5.9385761927525049E+000    -3.9821277455858164E+000     1.0131422582678358E+001 
                        500     5.0295471377091505E-002     1.3617636273778195E+000     5.9411418139414724E+000    -3.9739988008689036E+000     1.0142074556431705E+001 
                        501     4.5141237860821193E-002     1.3445054579241793E+000     5.9437109392858227E+000    -3.9658802783415270E+000     1.0152721199485292E+001 
                        502     4.0130323525779443E-002     1.3258660250597218E+000     5.9462835440248254E+000    -3.9577725626604727E+000     1.0163363514248113E+001 
                        503     3.5275612752460994E-002     1.3055946725279042E+000     5.9488596121224671E+000    -3.9496749624321050E+000     1.0174001210816622E+001 
                        504     3.0591595191568788E-002     1.2833657241430378E+000     5.9514391611601001E+000    -3.9415870724653819E+000     1.0184636051525663E+001 
                        505     2.6094752399753507E-002     1.2587451735498310E+000     5.9540221130872544E+000    -3.9335103886218445E+000     1.0195263830450367E+001 
                        506     2.1804089376015579E-002     1.2311364027755574E+000     5.9566083936198089E+000    -3.9254443739015823E+000     1.0205884696602959E+001 
                        507     1.7741908422910180E-002     1.1996873999352313E+000     5.9591978598201889E+000    -3.9173895001566130E+000     1.0216503681082379E+001 
                        508     1.3934922531866623E-002     1.1631195972902493E+000     5.9629134200108558E+000    -3.9059288837675572E+000     1.0231648269319932E+001 
                        509     7.2280326421764740E-003     1.0647649577199485E+000     5.9670442612011385E+000    -3.8930811353509789E+000     1.0248582188373904E+001 
                        510     4.4292535071385752E-003     9.9223670880465265E-001     5.9690862671181488E+000    -3.8867797105674988E+000     1.0256908894746836E+001 
                        511     3.2016368218855118E-003     9.4444636011860394E-001     5.9706539891798096E+000    -3.8819725271440291E+000     1.0263275549939779E+001 
                        512     1.6409787768789097E-003     8.4646364382459238E-001     5.9723299811422104E+000    -3.8768276323122155E+000     1.0270086448238105E+001 
                        513     8.0453873745128801E-004     7.4245265975564489E-001     5.9733944863636488E+000    -3.8735661504027372E+000     1.0274406761209242E+001 
                        514     4.3574775369176200E-004     6.5323348592010111E-001     5.9740232898118366E+000    -3.8716427858475453E+000     1.0276954942384760E+001 
                        515     2.2286911965724299E-004     5.5585037084418676E-001     5.9744542808842951E+000    -3.8703258485313428E+000     1.0278700167277782E+001 
                        516     1.1642980263998348E-004     4.6165548518403360E-001     5.9747215896176771E+000    -3.8695094525791762E+000     1.0279783082312459E+001 
                        517     6.3210144131298218E-005     3.7310701391450890E-001     5.9748853193178526E+000    -3.8690102761241643E+000     1.0280446709699575E+001 
                        518     3.6600314877011098E-005     2.9393226155619501E-001     5.9749835014298194E+000    -3.8687108232331981E+000     1.0280843713520040E+001 
                        519     2.3295400249867537E-005     2.2848387574223689E-001     5.9750405603788206E+000    -3.8685364701353309E+000     1.0281074058512575E+001 
                        520     1.6642942936295757E-005     1.7977925803435618E-001     5.9750831031212375E+000    -3.8684066836432112E+000     1.0281245391025891E+001 
                        521     9.9904856227239769E-006     1.0586953387436050E-001     5.9751272473646084E+000    -3.8682724607841417E+000     1.0281424810080338E+001 
                        522     4.9952428112232106E-006     5.4995250273602173E-003     5.9751630247003984E+000    -3.8681623005396446E+000     1.0281570225970212E+001 
                        523     2.4976214054173163E-006    -9.4860437695660133E-002     5.9751855587602991E+000    -3.8680942017167759E+000     1.0281660222026321E+001 
                        524     1.2488107025698802E-006    -1.9521433049967402E-001     5.9751997536019541E+000    -3.8680506640862489E+000     1.0281718172839840E+001 
                        525     6.2440535114616225E-007    -2.9556427120750461E-001     5.9752086959311326E+000    -3.8680234225125201E+000     1.0281754549141723E+001 
                        526     3.1220267543430325E-007    -3.9591174002712326E-001     5.9752143288530712E+000    -3.8680059655746910E+000     1.0281777117417784E+001 
                        527     1.5610133757837374E-007    -4.9625752672249596E-001     5.9752178775463545E+000    -3.8679947792136957E+000     1.0281792786799787E+001 
                        528     7.8050668927964750E-008    -5.9660203940625178E-001     5.9752208580606210E+000    -3.8679876944680029E+000     1.0281802193474807E+001 
