                          1                           2                           3                           4                           5                           6                           7                           8                           9                          10                          11                          12                          13                          14                          15                          16                          17                          18                          19                          20                          21                          22                          23                          24                          25                          26                          27                          28                          29                          30                          31                          32                          33                          34                          35                          36                          37                          38                          39                          40                          41                          42                          43                          44                          45 
               model_number                   num_zones                initial_mass                   initial_z                    star_age                   time_step                        Teff               photosphere_L               photosphere_r                  center_eta                   center_h1                  center_he3                  center_he4                  center_c12                  center_n14                  center_o16                 center_ne20                   star_mass                   star_mdot                star_mass_h1               star_mass_he3               star_mass_he4               star_mass_c12               star_mass_n14               star_mass_o16              star_mass_ne20                he_core_mass                 c_core_mass                 o_core_mass                si_core_mass                fe_core_mass      neutron_rich_core_mass                  tau10_mass                tau10_radius                 tau100_mass               tau100_radius                dynamic_time                kh_timescale               nuc_timescale              power_nuc_burn                power_h_burn               power_he_burn                   power_neu                   burn_min1                   burn_min2 
                        300                         566     2.0000000000000000E+001     2.0000000000000000E-002     3.3011602338906537E+003     1.9310815811917529E+001     4.5482485892945715E+003     1.6620136801589386E+004     2.0791592109716404E+002    -1.0385455608367920E+001     7.0000000000000007E-001     2.9797635251138584E-005     2.7997020236474890E-001     3.4416106108120285E-003     1.0081585468366041E-003     9.3604466091399777E-003     2.0994599496976496E-003     2.0000000000000000E+001     0.0000000000000000E+000     1.4000000000000005E+001     5.9595270502277059E-004     5.5994040472949731E+000     6.8832212216240571E-002     2.0163170936732065E-002     1.8720893218279933E-001     4.1989198993953016E-002     0.0000000000000000E+000     0.0000000000000000E+000     0.0000000000000000E+000     0.0000000000000000E+000     0.0000000000000000E+000     0.0000000000000000E+000     1.9999794708684785E+001     2.0752329762333596E+002     1.9999753144655411E+001     2.0744666663501749E+002     6.7119728875325490E+006     2.7171723688748002E+003     1.2033595293925257E+007     1.0076962473110433E-011     1.0076962473110433E-011     0.0000000000000000E+000     4.0314554209393949E-013     5.0000000000000000E+001     1.0000000000000000E+003 

                          1                           2                           3                           4                           5                           6 
                       zone                           q                        logR                        logT                      logRho                        logP 
                          1     1.0000000000000000E+000     2.3178877465700536E+000     3.6578442014010122E+000    -8.4359219202203288E+000     3.0268321183355682E+000 
                          2     9.9999999999900002E-001     2.3178877464462460E+000     3.6578442208632729E+000    -8.4359215256481335E+000     3.0268321184145504E+000 
                          3     9.9999999999602385E-001     2.3178877460777683E+000     3.6578442700288045E+000    -8.4359210829214266E+000     3.0268321186140748E+000 
                          4     9.9999999998895539E-001     2.3178877452026323E+000     3.6578443647180294E+000    -8.4359198786771703E+000     3.0268339808971452E+000 
                          5     9.9999999997667854E-001     2.3178877436826655E+000     3.6578445012891638E+000    -8.4359186127157209E+000     3.0268347313828436E+000 
                          6     9.9999999996105349E-001     2.3178877417481676E+000     3.6578446542487000E+000    -8.4359175817739569E+000     3.0268357146724001E+000 
                          7     9.9999999994542843E-001     2.3178877398136746E+000     3.6578448327014081E+000    -8.4359167627151717E+000     3.0268372669789381E+000 
                          8     9.9999999992459510E-001     2.3178877372343560E+000     3.6578450366481814E+000    -8.4359155440681377E+000     3.0268380953171774E+000 
                          9     9.9999999990376176E-001     2.3178877346550437E+000     3.6578453425691437E+000    -8.4359131722416247E+000     3.0268406049501211E+000 
                         10     9.9999999986209509E-001     2.3178877294964457E+000     3.6578459107082431E+000    -8.4359085574076840E+000     3.0268467360060223E+000 
                         11     9.9999999978769027E-001     2.3178877202847641E+000     3.6578466390936022E+000    -8.4359037892392603E+000     3.0268525056763713E+000 
                         12     9.9999999971328546E-001     2.3178877110731841E+000     3.6578477025396539E+000    -8.4358968421520881E+000     3.0268590007782286E+000 
                         13     9.9999999957042829E-001     2.3178876933872288E+000     3.6578491010582539E+000    -8.4358867634450920E+000     3.0268712380947047E+000 
                         14     9.9999999942757112E-001     2.3178876757016833E+000     3.6578511988558358E+000    -8.4358723481988882E+000     3.0268882105753527E+000 
                         15     9.9999999914185667E-001     2.3178876403317568E+000     3.6578539959662759E+000    -8.4358524542503872E+000     3.0269111853461146E+000 
                         16     9.9999999885614221E-001     2.3178876049634423E+000     3.6578581916980961E+000    -8.4358227513240607E+000     3.0269441734997233E+000 
                         17     9.9999999828471342E-001     2.3178875342316254E+000     3.6578637862010632E+000    -8.4357836652709342E+000     3.0269900454651277E+000 
                         18     9.9999999771328463E-001     2.3178874635061395E+000     3.6578721782114378E+000    -8.4357251916637939E+000     3.0270556338825014E+000 
                         19     9.9999999657042693E-001     2.3178873220741072E+000     3.6578833683888274E+000    -8.4356467882302315E+000     3.0271459296814074E+000 
                         20     9.9999999542756923E-001     2.3178871806674679E+000     3.6579001546788437E+000    -8.4355302224438642E+000     3.0272778306114967E+000 
                         21     9.9999999314185384E-001     2.3178868979296730E+000     3.6579225395411319E+000    -8.4353737556419759E+000     3.0274573878669346E+000 
                         22     9.9999999085613844E-001     2.3178866152931721E+000     3.6579561209472820E+000    -8.4351387918778045E+000     3.0277259997297574E+000 
                         23     9.9999998628470776E-001     2.3178860503242609E+000     3.6580009088126224E+000    -8.4348269468705652E+000     3.0280825025933513E+000 
                         24     9.9999998171327709E-001     2.3178854857586777E+000     3.6580681068895453E+000    -8.4343590565125748E+000     3.0286177354979222E+000 
                         25     9.9999997257041562E-001     2.3178843578367379E+000     3.6581577545960693E+000    -8.4337351933546554E+000     3.0293306126583071E+000 
                         26     9.9999996342755415E-001     2.3178832315251228E+000     3.6582922909361346E+000    -8.4328034927535622E+000     3.0303962700459297E+000 
                         27     9.9999994514183121E-001     2.3178809837031147E+000     3.6584718714337234E+000    -8.4315654547305190E+000     3.0318134159335539E+000 
                         28     9.9999992685610828E-001     2.3178787422450662E+000     3.6587414962296245E+000    -8.4297157691591877E+000     3.0339306946532485E+000 
                         29     9.9999989028466241E-001     2.3178742782779880E+000     3.6591017728930417E+000    -8.4272670214563181E+000     3.0367389825168636E+000 
                         30     9.9999985371321654E-001     2.3178698392734427E+000     3.6596431610560400E+000    -8.4236281180949248E+000     3.0409166444378286E+000 
                         31     9.9999978057032490E-001     2.3178610349386823E+000     3.6603679719466933E+000    -8.4188415383962258E+000     3.0464248305299937E+000 
                         32     9.9999970742743327E-001     2.3178523265814475E+000     3.6614587747281822E+000    -8.4117913171221002E+000     3.0545606045950997E+000 
                         33     9.9999956114164990E-001     2.3178351887929098E+000     3.6629239035007513E+000    -8.4026337628405710E+000     3.0651768291995416E+000 
                         34     9.9999941485586652E-001     2.3178184066233234E+000     3.6651336093751161E+000    -8.3893775323019781E+000     3.0806332845934281E+000 
                         35     9.9999912228429988E-001     2.3177858457620131E+000     3.6681147676256964E+000    -8.3725507372528760E+000     3.1004262906589073E+000 
                         36     9.9999882971273324E-001     2.3177545154351176E+000     3.6703727869537701E+000    -8.3605202438489901E+000     3.1147054865464696E+000 
                         37     9.9999868342694986E-001     2.3177392758096866E+000     3.6718826442169887E+000    -8.3527570381180887E+000     3.1239709653837964E+000 
                         38     9.9999853714116649E-001     2.3177243046168874E+000     3.6741533917936882E+000    -8.3414774216481753E+000     3.1375127347377858E+000 
                         39     9.9999824456959985E-001     2.3176951254419684E+000     3.6772022989378192E+000    -8.3270895176422659E+000     3.1549398745579440E+000 
                         40     9.9999795199803321E-001     2.3176668915191514E+000     3.6802674523087120E+000    -8.3133899680335244E+000     3.1716975399414160E+000 
                         41     9.9999765942646657E-001     2.3176395290636593E+000     3.6828362399863308E+000    -8.3024655058277670E+000     3.1851877880062553E+000 
                         42     9.9999746437875547E-001     2.3176217377884449E+000     3.6848974461971973E+000    -8.2940257382506211E+000     3.1956887114430521E+000 
                         43     9.9999726933104438E-001     2.3176042867942628E+000     3.6879986590000673E+000    -8.2818362851940908E+000     3.2109806616816319E+000 
                         44     9.9999687923562219E-001     2.3175703447648783E+000     3.6911393055972579E+000    -8.2702040415718958E+000     3.2257574635709489E+000 
                         45     9.9999668418791110E-001     2.3175538193920011E+000     3.6932438829252181E+000    -8.2627321160622653E+000     3.2353362535654062E+000 
                         46     9.9999648914020001E-001     2.3175375740634814E+000     3.6964226314281312E+000    -8.2519268892002291E+000     3.2493258644189460E+000 
                         47     9.9999609904477782E-001     2.3175058765510634E+000     3.7007572340337918E+000    -8.2382885324583714E+000     3.2673060638174203E+000 
                         48     9.9999570894935563E-001     2.3174751523600459E+000     3.7041037833795940E+000    -8.2286245082381946E+000     3.2803229878296531E+000 
                         49     9.9999551390164454E-001     2.3174601259559751E+000     3.7075006430355417E+000    -8.2193875288237219E+000     3.2929636952426118E+000 
                         50     9.9999512380622235E-001     2.3174307010722215E+000     3.7110509010726997E+000    -8.2106612562784544E+000     3.3052476360788567E+000 
                         51     9.9999492875851126E-001     2.3174162791131598E+000     3.7149786402682858E+000    -8.2016678480440834E+000     3.3181784039729112E+000 
                         52     9.9999448990116124E-001     2.3173844896872748E+000     3.7198160219864036E+000    -8.1920615043861584E+000     3.3326382262330387E+000 
                         53     9.9999419732959460E-001     2.3173637566052334E+000     3.7238654451380291E+000    -8.1848921454510783E+000     3.3438727200948239E+000 
                         54     9.9999390475802796E-001     2.3173433600793096E+000     3.7284973207179108E+000    -8.1776573795866003E+000     3.3557602388177492E+000 
                         55     9.9999356153442021E-001     2.3173198240948105E+000     3.7327080209924852E+000    -8.1720370455485831E+000     3.3656119338148551E+000 
                         56     9.9999336459659571E-001     2.3173064913574950E+000     3.7366988574532702E+000    -8.1672608040705565E+000     3.3744014419069579E+000 
                         57     9.9999306918985897E-001     2.3172867087281888E+000     3.7422586062580820E+000    -8.1616866906599501E+000     3.3855709902570235E+000 
                         58     9.9999272454866617E-001     2.3172639199759724E+000     3.7488129149832528E+000    -8.1565710715366038E+000     3.3972896975315203E+000 
                         59     9.9999237990747336E-001     2.3172413945559178E+000     3.7555615740092034E+000    -8.1527755390507988E+000     3.4078973361625629E+000 
                         60     9.9999208450073662E-001     2.3172222523017711E+000     3.7607290656606924E+000    -8.1508047605717362E+000     3.4150944933217304E+000 
                         61     9.9999193679736831E-001     2.3172127235654227E+000     3.7643622768319460E+000    -8.1497512394741705E+000     3.4198259397458979E+000 
                         62     9.9999178909399999E-001     2.3172032172911141E+000     3.7688641699777210E+000    -8.1488579017232894E+000     3.4252832237135844E+000 
                         63     9.9999159215617550E-001     2.3171905673362749E+000     3.7741440499762877E+000    -8.1484467182492359E+000     3.4310557393014078E+000 
                         64     9.9999141983557904E-001     2.3171795081949393E+000     3.7791324087166456E+000    -8.1485834298773483E+000     3.4359974147795111E+000 
                         65     9.9999127213221073E-001     2.3171700252737026E+000     3.7849613523300709E+000    -8.1492753265747986E+000     3.4412593775767428E+000 
                         66     9.9999107519438624E-001     2.3171573602502424E+000     3.7922863426256921E+000    -8.1510362240346801E+000     3.4470108321068720E+000 
                         67     9.9999089056517576E-001     2.3171454375382239E+000     3.7990357897626157E+000    -8.1534061040855974E+000     3.4515947322688461E+000 
                         68     9.9999076747903548E-001     2.3171374450216060E+000     3.8034968088730072E+000    -8.1552961878922350E+000     3.4543211328234036E+000 
                         69     9.9999070593596529E-001     2.3171334311669187E+000     3.8081834221036726E+000    -8.1574548378450640E+000     3.4570319487114158E+000 
                         70     9.9999058284982500E-001     2.3171253631200170E+000     3.8134520688033291E+000    -8.1602631832068848E+000     3.4597260048295291E+000 
                         71     9.9999052130675481E-001     2.3171213027561306E+000     3.8171707161856570E+000    -8.1623812207643702E+000     3.4615128869809375E+000 
                         72     9.9999045976368461E-001     2.3171172224269130E+000     3.8211260544076491E+000    -8.1647768951746649E+000     3.4632938220865843E+000 
                         73     9.9999039822061442E-001     2.3171131194114416E+000     3.8253333769123676E+000    -8.1674739696760490E+000     3.4650656815469549E+000 
                         74     9.9999033667754422E-001     2.3171089907185771E+000     3.8297945516303469E+000    -8.1704795130197727E+000     3.4668311448804987E+000 
                         75     9.9999027513447403E-001     2.3171048332349353E+000     3.8344854283137160E+000    -8.1737806570600924E+000     3.4685881786001644E+000 
                         76     9.9999021359140383E-001     2.3171006439083923E+000     3.8427272773974961E+000    -8.1798097552701332E+000     3.4715616678521299E+000 
                         77     9.9999006588803552E-001     2.3170904484646981E+000     3.8544043768698439E+000    -8.1886951135836643E+000     3.4757246547631739E+000 
                         78     9.9998991818466720E-001     2.3170800415404740E+000     3.8649654407638434E+000    -8.1967684601279007E+000     3.4798479145284111E+000 
                         79     9.9998977048129889E-001     2.3170694385772848E+000     3.8741519715876613E+000    -8.2036659695219054E+000     3.4839343468349435E+000 
                         80     9.9998962277793058E-001     2.3170586650769907E+000     3.8834219351570938E+000    -8.2104496001452478E+000     3.4886523574054906E+000 
                         81     9.9998942584010608E-001     2.3170440729956021E+000     3.8923223951975641E+000    -8.2166365526008747E+000     3.4939829758685805E+000 
                         82     9.9998922890228159E-001     2.3170292700450554E+000     3.9018398251801281E+000    -8.2229920363436833E+000     3.5005551660624028E+000 
                         83     9.9998893349554485E-001     2.3170067353836314E+000     3.9112590705426067E+000    -8.2287570420194314E+000     3.5083196871009741E+000 
                         84     9.9998863808880811E-001     2.3169838960144853E+000     3.9192719982850548E+000    -8.2332985279325985E+000     3.5159462733048810E+000 
                         85     9.9998834268207137E-001     2.3169608128963803E+000     3.9273987118694436E+000    -8.2375767855338875E+000     3.5246815171760879E+000 
                         86     9.9998794880642239E-001     2.3169297249006138E+000     3.9363211649535161E+000    -8.2417416142027236E+000     3.5356609258638820E+000 
                         87     9.9998745646186116E-001     2.3168904809190276E+000     3.9472799401487126E+000    -8.2462238216148940E+000     3.5511418779628725E+000 
                         88     9.9998666111145662E-001     2.3168264042966609E+000     3.9561739084566225E+000    -8.2485909563084405E+000     3.5661519085622864E+000 
                         89     9.9998616401745377E-001     2.3167861230129962E+000     3.9610552310566072E+000    -8.2495927564012650E+000     3.5751414346306420E+000 
                         90     9.9998586576105208E-001     2.3167618930293910E+000     3.9667673690681076E+000    -8.2507285854820953E+000     3.5861243082522747E+000 
                         91     9.9998516982944807E-001     2.3167051924981186E+000     3.9738098169812814E+000    -8.2513759639527340E+000     3.6010580441956139E+000 
                         92     9.9998447389784406E-001     2.3166483851169755E+000     3.9796545769966096E+000    -8.2513578989195242E+000     3.6144868363437141E+000 
                         93     9.9998387738504058E-001     2.3165996773536306E+000     3.9846035994514666E+000    -8.2509475397476528E+000     3.6265285058943322E+000 
                         94     9.9998328087223709E-001     2.3165509992213020E+000     3.9895634688140378E+000    -8.2502076993297244E+000     3.6392103359709513E+000 
                         95     9.9998258494063308E-001     2.3164942840895488E+000     3.9937879050231802E+000    -8.2492011263850404E+000     3.6506093225166567E+000 
                         96     9.9998208784663023E-001     2.3164538535016295E+000     3.9987807723367079E+000    -8.2478783013278907E+000     3.6644475814084285E+000 
                         97     9.9998109365862453E-001     2.3163732045284400E+000     4.0042604388306424E+000    -8.2456580923479947E+000     3.6805762122928734E+000 
                         98     9.9998029068313699E-001     2.3163083663754986E+000     4.0082586139143821E+000    -8.2437069163302059E+000     3.6927889805379932E+000 
                         99     9.9997968845152130E-001     2.3162599368041557E+000     4.0115248375447807E+000    -8.2419530085074726E+000     3.7029905389089381E+000 
                        100     9.9997908621990561E-001     2.3162116863131272E+000     4.0162058101627309E+000    -8.2392766852088375E+000     3.7178698875639173E+000 
                        101     9.9997788175667435E-001     2.3161157304064557E+000     4.0210248996740399E+000    -8.2358894195015466E+000     3.7338390213087291E+000 
                        102     9.9997707878118680E-001     2.3160522218282931E+000     4.0246977763476561E+000    -8.2331081441567502E+000     3.7462099947805800E+000 
                        103     9.9997627580569926E-001     2.3159890910601666E+000     4.0277768952768884E+000    -8.2305760432314745E+000     3.7567610212448184E+000 
                        104     9.9997567357408357E-001     2.3159420003142412E+000     4.0311867612505470E+000    -8.2276743525146738E+000     3.7685196610116325E+000 
                        105     9.9997466985472416E-001     2.3158640046870205E+000     4.0361002039921097E+000    -8.2231950448753892E+000     3.7856843745515536E+000 
                        106     9.9997325127366055E-001     2.3157548321124959E+000     4.0407670275419738E+000    -8.2185284981983813E+000     3.8022739705785629E+000 
                        107     9.9997223800147217E-001     2.3156776354492692E+000     4.0437674983867025E+000    -8.2153977715438860E+000     3.8129994972704169E+000 
                        108     9.9997163003815914E-001     2.3156316305739479E+000     4.0474356649341994E+000    -8.2115463441100935E+000     3.8260515194169833E+000 
                        109     9.9997021145709553E-001     2.3155251775764629E+000     4.0520220778715856E+000    -8.2064453548022218E+000     3.8424662303539696E+000 
                        110     9.9996899553046947E-001     2.3154349363145124E+000     4.0554446008074558E+000    -8.2025167794923188E+000     3.8546964849075427E+000 
                        111     9.9996818491271877E-001     2.3153752863531945E+000     4.0591570537579411E+000    -8.1982293112275890E+000     3.8678448233522524E+000 
                        112     9.9996675295407911E-001     2.3152708905295678E+000     4.0637754121704681E+000    -8.1927745402519747E+000     3.8840961479037035E+000 
                        113     9.9996532099543944E-001     2.3151677237917725E+000     4.0673269216662638E+000    -8.1885334719229910E+000     3.8964603487878531E+000 
                        114     9.9996450273335968E-001     2.3151093116735395E+000     4.0711504366623466E+000    -8.1839959628225269E+000     3.9095683517776743E+000 
                        115     9.9996286620920005E-001     2.3149936321287328E+000     4.0761775936626821E+000    -8.1780508102205438E+000     3.9264874237178282E+000 
                        116     9.9996122586843439E-001     2.3148791682941714E+000     4.0799240065254700E+000    -8.1736742495446784E+000     3.9388141288104834E+000 
                        117     9.9996039997314246E-001     2.3148220809317870E+000     4.0836638077739220E+000    -8.1693605429009821E+000     3.9508613653360722E+000 
                        118     9.9995874818255859E-001     2.3147089681824253E+000     4.0892727503188047E+000    -8.1630671251252416E+000     3.9683792596285139E+000 
                        119     9.9995667582569803E-001     2.3145689748501503E+000     4.0949215639433199E+000    -8.1570298023468748E+000     3.9852728315681958E+000 
                        120     9.9995501641648343E-001     2.3144583290464609E+000     4.1006137469216126E+000    -8.1512290522790281E+000     4.0015609403908501E+000 
                        121     9.9995294215496522E-001     2.3143217402567062E+000     4.1057756418282798E+000    -8.1463578617771937E+000     4.0155582581684097E+000 
                        122     9.9995169759805425E-001     2.3142406401061026E+000     4.1097061633397276E+000    -8.1428268295923782E+000     4.0257986077244858E+000 
                        123     9.9995044732717031E-001     2.3141597821195932E+000     4.1150402801885519E+000    -8.1382938103707918E+000     4.0391288245990502E+000 
                        124     9.9994836354236383E-001     2.3140263193526702E+000     4.1226668530710926E+000    -8.1324957321697831E+000     4.0569196017101605E+000 
                        125     9.9994584017000332E-001     2.3138666836008790E+000     4.1314428793163067E+000    -8.1268166604504497E+000     4.0756385117956935E+000 
                        126     9.9994331679764281E-001     2.3137089489364113E+000     4.1391876682692308E+000    -8.1227074362110230E+000     4.0906604227321441E+000 
                        127     9.9994163454940244E-001     2.3136046884689510E+000     4.1472455647570108E+000    -8.1189379169048248E+000     4.1052702901797824E+000 
                        128     9.9993908833885359E-001     2.3134481051000009E+000     4.1553900059273747E+000    -8.1159586921757647E+000     4.1187791007202987E+000 
                        129     9.9993760304936674E-001     2.3133573116996740E+000     4.1615399294480531E+000    -8.1139743704360665E+000     4.1284796218688333E+000 
                        130     9.9993611775987989E-001     2.3132668756041643E+000     4.1682711072391774E+000    -8.1120352794608017E+000     4.1386735713246283E+000 
                        131     9.9993441074570411E-001     2.3131633328531263E+000     4.1755444472439569E+000    -8.1101203494843954E+000     4.1493308358106749E+000 
                        132     9.9993270373152832E-001     2.3130601720237451E+000     4.1854637077232084E+000    -8.1075479133004968E+000     4.1636088194272611E+000 
                        133     9.9992970643922019E-001     2.3128799285918626E+000     4.1949812328547296E+000    -8.1047782240658357E+000     4.1774728871292055E+000 
                        134     9.9992799370075847E-001     2.3127774871326019E+000     4.2007805076786422E+000    -8.1028854754848734E+000     4.1861116208920892E+000 
                        135     9.9992669765319819E-001     2.3127002577778670E+000     4.2055684379809444E+000    -8.1011567213663689E+000     4.1934217605532140E+000 
                        136     9.9992540160563792E-001     2.3126232942544789E+000     4.2109128560014302E+000    -8.0990167318914263E+000     4.2018207458311787E+000 
                        137     9.9992366776222874E-001     2.3125207755511750E+000     4.2166638208846523E+000    -8.0963652425229604E+000     4.2112478637216819E+000 
                        138     9.9992193391881956E-001     2.3124188088561040E+000     4.2227423977213423E+000    -8.0932037699979134E+000     4.2216329589233457E+000 
                        139     9.9991976420622664E-001     2.3122920342366746E+000     4.2290216686811695E+000    -8.0894664536787282E+000     4.2329020480144299E+000 
                        140     9.9991759449363371E-001     2.3121662362013837E+000     4.2343177823050189E+000    -8.0859381060787623E+000     4.2428328912778595E+000 
                        141     9.9991585101689873E-001     2.3120658905218803E+000     4.2399388813331598E+000    -8.0819572555766790E+000     4.2536591042897696E+000 
                        142     9.9991322804307470E-001     2.3119161736616096E+000     4.2484345144628275E+000    -8.0754932021412440E+000     4.2705463455669745E+000 
                        143     9.9990883055762958E-001     2.3116685380457165E+000     4.2593409321344016E+000    -8.0665535331598939E+000     4.2929055503530806E+000 
                        144     9.9990352229655932E-001     2.3113751564910969E+000     4.2687992631254463E+000    -8.0586046435745349E+000     4.3124441718265070E+000 
                        145     9.9989995726522318E-001     2.3111813689782048E+000     4.2762434171143724E+000    -8.0525348701462072E+000     4.3275501170110049E+000 
                        146     9.9989639223388704E-001     2.3109900166608597E+000     4.2845940561150870E+000    -8.0460653273118528E+000     4.3440308203717972E+000 
                        147     9.9989190828773677E-001     2.3107525490227010E+000     4.2940025088811824E+000    -8.0394076255583240E+000     4.3617804394594328E+000 
                        148     9.9988739253588610E-001     2.3105166498258893E+000     4.3026603775784285E+000    -8.0339350561684597E+000     4.3772764200630307E+000 
                        149     9.9988376388615685E-001     2.3103291918489326E+000     4.3104987697944761E+000    -8.0294616196744020E+000     4.3906821537384007E+000 
                        150     9.9988011918817887E-001     2.3101425933817104E+000     4.3179906407882527E+000    -8.0256131773554440E+000     4.4029701569569850E+000 
                        151     9.9987690983768185E-001     2.3099795362780506E+000     4.3250684438190614E+000    -8.0222982561536149E+000     4.4141870255986015E+000 
                        152     9.9987370048718482E-001     2.3098175372581404E+000     4.3322125147313546E+000    -8.0192255297803836E+000     4.4251764748710016E+000 
                        153     9.9987046669948987E-001     2.3096552739190219E+000     4.3393917077242472E+000    -8.0163512632752134E+000     4.4359549269216760E+000 
                        154     9.9986723291179491E-001     2.3094939006497590E+000     4.3470635404385396E+000    -8.0134490314133071E+000     4.4472499902327600E+000 
                        155     9.9986352314760807E-001     2.3093097885262441E+000     4.3542001066910272E+000    -8.0108659992024585E+000     4.4576085303410578E+000 
                        156     9.9986071608102778E-001     2.3091711480933466E+000     4.3602675765514789E+000    -8.0087197828666348E+000     4.4663482053240759E+000 
                        157     9.9985790901444749E-001     2.3090330591890589E+000     4.3655167491097515E+000    -8.0068787547218783E+000     4.4738876006084478E+000 
                        158     9.9985578914659345E-001     2.3089291301612000E+000     4.3699710937166438E+000    -8.0053241348974993E+000     4.4802757837786880E+000 
                        159     9.9985366927873942E-001     2.3088254982311360E+000     4.3765396571386530E+000    -8.0030273719422667E+000     4.4896959169736688E+000 
                        160     9.9984942954303135E-001     2.3086191067218276E+000     4.3874402880744245E+000    -7.9991400561493293E+000     4.5054068814597077E+000 
                        161     9.9984277104086805E-001     2.3082972707676519E+000     4.3965411066295026E+000    -7.9956945843910807E+000     4.5187390878707454E+000 
                        162     9.9983989683727559E-001     2.3081592259952477E+000     4.4018769824753905E+000    -7.9936488364277185E+000     4.5265919179376457E+000 
                        163     9.9983702263368313E-001     2.3080216991202542E+000     4.4062263444474326E+000    -7.9919327926458692E+000     4.5330458938727585E+000 
                        164     9.9983510084488703E-001     2.3079300341383520E+000     4.4096523256785609E+000    -7.9905584895771478E+000     4.5381557179692118E+000 
                        165     9.9983317905609093E-001     2.3078386009632621E+000     4.4147282834561663E+000    -7.9884965929933784E+000     4.5457595255200438E+000 
                        166     9.9982930124301328E-001     2.3076548050120596E+000     4.4213107625814745E+000    -7.9857116895660480E+000     4.5557389141231344E+000 
                        167     9.9982542342993563E-001     2.3074719524668721E+000     4.4293042168096175E+000    -7.9822218090094106E+000     4.5679845606110998E+000 
                        168     9.9981955487940555E-001     2.3071970100394203E+000     4.4385206951208609E+000    -7.9779646968435589E+000     4.5823643353805208E+000 
                        169     9.9981365145679413E-001     2.3069226115676997E+000     4.4473729556243944E+000    -7.9736616456200018E+000     4.5964206676791814E+000 
                        170     9.9980769540755920E-001     2.3066479761195042E+000     4.4558539184087733E+000    -7.9693256561341581E+000     4.6101301877074645E+000 
                        171     9.9980173935832428E-001     2.3063755547390681E+000     4.4653465195608613E+000    -7.9642425954507798E+000     4.6257362021095751E+000 
                        172     9.9979370347446084E-001     2.3060114819742403E+000     4.4730923587246805E+000    -7.9597639254922683E+000     4.6388287888416064E+000 
                        173     9.9978964969400430E-001     2.3058293628855120E+000     4.4781146207206337E+000    -7.9567890877475929E+000     4.6474055714422970E+000 
                        174     9.9978559591354776E-001     2.3056482599607340E+000     4.4854426578627784E+000    -7.9523390197019266E+000     4.6600529501304466E+000 
                        175     9.9977741601642967E-001     2.3052858683213340E+000     4.4947229985925281E+000    -7.9462597149216156E+000     4.6765408865179445E+000 
                        176     9.9976916312022091E-001     2.3049244225372192E+000     4.5035231006772198E+000    -7.9400876735186454E+000     4.6926158943720866E+000 
                        177     9.9976083656223658E-001     2.3045639990751026E+000     4.5118610883449151E+000    -7.9338204199648157E+000     4.7083053792382588E+000 
                        178     9.9975243567780181E-001     2.3042046761549320E+000     4.5197517910102274E+000    -7.9274451830554344E+000     4.7236271452485505E+000 
                        179     9.9974395979884356E-001     2.3038465421120904E+000     4.5272252222231257E+000    -7.9209417857169955E+000     4.7386389599847094E+000 
                        180     9.9973537007694557E-001     2.3034881062790249E+000     4.5342614756819017E+000    -7.9143258771560188E+000     4.7532930470791044E+000 
                        181     9.9972678035504758E-001     2.3031342197773625E+000     4.5408977785363236E+000    -7.9075877668672589E+000     4.7676388423001121E+000 
                        182     9.9971803656115221E-001     2.3027786614435795E+000     4.5471488245866087E+000    -7.9007288904867536E+000     4.7816920040421973E+000 
                        183     9.9970929276725684E-001     2.3024278194344663E+000     4.5530394574373183E+000    -7.8937537857233631E+000     4.7954694736047649E+000 
                        184     9.9970039213020723E-001     2.3020755196511731E+000     4.5585909534369957E+000    -7.8866686601411118E+000     4.8089819366604587E+000 
                        185     9.9969149149315761E-001     2.3017280820166626E+000     4.5638323914223040E+000    -7.8794941418375597E+000     4.8222453687082529E+000 
                        186     9.9968243120635680E-001     2.3013793695939562E+000     4.5687868607375783E+000    -7.8722429683784689E+000     4.8352679095217210E+000 
                        187     9.9967337091955599E-001     2.3010356098977605E+000     4.5758324946450424E+000    -7.8613889999138298E+000     4.8543784320728891E+000 
                        188     9.9965492535237754E-001     2.3003506046460376E+000     4.5822010451323214E+000    -7.8502085826979711E+000     4.8730098116646383E+000 
                        189     9.9964553718040727E-001     2.3000096145193591E+000     4.5862568637410783E+000    -7.8428055050388830E+000     4.8851813695579605E+000 
                        190     9.9963614900843700E-001     2.2996736029492202E+000     4.5920908380595655E+000    -7.8317974301884146E+000     4.9030780740669915E+000 
                        191     9.9961703601146656E-001     2.2990043326608141E+000     4.5974812921365338E+000    -7.8206495895957078E+000     4.9205761521114839E+000 
                        192     9.9960730820226185E-001     2.2986711795415440E+000     4.6009550039125511E+000    -7.8133064023296006E+000     4.9320273712778055E+000 
                        193     9.9959758039305713E-001     2.2983428628943789E+000     4.6060098718298805E+000    -7.8024355216831891E+000     4.9489015496987232E+000 
                        194     9.9957777609124754E-001     2.2976887693626669E+000     4.6123791061205228E+000    -7.7880278769646809E+000     4.9708687776414173E+000 
                        195     9.9955761695019019E-001     2.2970417812105897E+000     4.6169308668558431E+000    -7.7773250449673084E+000     4.9869692265290544E+000 
                        196     9.9954735683337737E-001     2.2967194309269168E+000     4.6199074571978960E+000    -7.7702980507129107E+000     4.9975314269924036E+000 
                        197     9.9953709671656454E-001     2.2964015522414427E+000     4.6242985753737420E+000    -7.7599166563155038E+000     5.0131358105046893E+000 
                        198     9.9951620903672234E-001     2.2957676163029790E+000     4.6299683182248890E+000    -7.7462692238689757E+000     5.0335118974423629E+000 
                        199     9.9949494745289313E-001     2.2951395632349936E+000     4.6354984929802674E+000    -7.7329068934928591E+000     5.0534287316137494E+000 
                        200     9.9947330540031243E-001     2.2945169578977582E+000     4.6409220619696354E+000    -7.7198379047431924E+000     5.0729117585737233E+000 
                        201     9.9945127620617480E-001     2.2938993621174677E+000     4.6462669357882609E+000    -7.7070646196452568E+000     5.0919901747364937E+000 
                        202     9.9942885308783103E-001     2.2932863425157088E+000     4.6515566119621337E+000    -7.6945912896526485E+000     5.1106904574213381E+000 
                        203     9.9940602915152588E-001     2.2926774671322119E+000     4.6568104108025841E+000    -7.6824191872518934E+000     5.1290297036967303E+000 
                        204     9.9938279739071678E-001     2.2920723088952011E+000     4.6620439731130690E+000    -7.6705440038019201E+000     5.1470316102001847E+000 
                        205     9.9935915068386738E-001     2.2914704525678782E+000     4.6672695823187000E+000    -7.6589599614176755E+000     5.1647163063235375E+000 
                        206     9.9933508179195707E-001     2.2908714958504457E+000     4.6724963211123409E+000    -7.6476632586617752E+000     5.1820980164714454E+000 
                        207     9.9931058335635214E-001     2.2902750457638379E+000     4.6777301889330936E+000    -7.6366465647468180E+000     5.1991936484022885E+000 
                        208     9.9928564789601448E-001     2.2896807226623612E+000     4.6829741784791379E+000    -7.6258958140638500E+000     5.2160224878269883E+000 
                        209     9.9926026780538246E-001     2.2890881686312476E+000     4.6882286620729818E+000    -7.6153989663539043E+000     5.2325946451046361E+000 
                        210     9.9923443535207257E-001     2.2884970439221504E+000     4.6934920335572983E+000    -7.6051438291450522E+000     5.2489218336872829E+000 
                        211     9.9920814267494729E-001     2.2879070264865935E+000     4.6987610103204807E+000    -7.5951185407825337E+000     5.2650163783716879E+000 
                        212     9.9918138178200899E-001     2.2873178109365546E+000     4.7040307368555627E+000    -7.5853022591499428E+000     5.2808940855693205E+000 
                        213     9.9915414454802209E-001     2.2867291202307358E+000     4.7092953220060441E+000    -7.5756816888413798E+000     5.2965598105205132E+000 
                        214     9.9912642271247465E-001     2.2861406950299243E+000     4.7145485582348519E+000    -7.5662393759949760E+000     5.3120279761357363E+000 
                        215     9.9909820787711012E-001     2.2855522990174908E+000     4.7197842202458693E+000    -7.5569626796763956E+000     5.3273046445269685E+000 
                        216     9.9906949150385460E-001     2.2849637121501174E+000     4.7250193906168656E+000    -7.5477950172385810E+000     5.3424674365528997E+000 
                        217     9.9904000539094584E-001     2.2843695500338939E+000     4.7302011702262945E+000    -7.5388053426756061E+000     5.3573862478515446E+000 
                        218     9.9901051927803708E-001     2.2837851865339251E+000     4.7379449667293150E+000    -7.5255971900832002E+000     5.3794627608180914E+000 
                        219     9.9894943484359977E-001     2.2826036807407215E+000     4.7455226139957185E+000    -7.5125244834719203E+000     5.4011853257439579E+000 
                        220     9.9891779972885686E-001     2.2820062724106429E+000     4.7505435855564064E+000    -7.5039632264628811E+000     5.4154851625610503E+000 
                        221     9.9888616461411395E-001     2.2814181220543057E+000     4.7580271644834324E+000    -7.4913308736261461E+000     5.4366805955181317E+000 
                        222     9.9882063252235975E-001     2.2802274065694812E+000     4.7677756110787239E+000    -7.4746681313101817E+000     5.4644821422736678E+000 
                        223     9.9875275993329826E-001     2.2790307578548132E+000     4.7749142312888075E+000    -7.4622802021414314E+000     5.4850142631641292E+000 
                        224     9.9871761274873971E-001     2.2784247478659165E+000     4.7796366532926235E+000    -7.4541285736887053E+000     5.4985607325399437E+000 
                        225     9.9868246556418117E-001     2.2778275297052262E+000     4.7866688773326285E+000    -7.4420580312976465E+000     5.5186819112116217E+000 
                        226     9.9860966539942564E-001     2.2766168894417111E+000     4.7958200442691385E+000    -7.4260492473428856E+000     5.5451516906438600E+000 
                        227     9.9853427258861316E-001     2.2753983272768812E+000     4.8025224395913382E+000    -7.4140907690209970E+000     5.5647543051890898E+000 
                        228     9.9849523496329284E-001     2.2747805981817359E+000     4.8069594712689518E+000    -7.4062067477964737E+000     5.5777088177067142E+000 
                        229     9.9845619733797253E-001     2.2741714058512015E+000     4.8135730600720761E+000    -7.3945041441323331E+000     5.5969844046683006E+000 
                        230     9.9837534679893059E-001     2.2729354067919689E+000     4.8221955079361383E+000    -7.3789449838928505E+000     5.6224023271100600E+000 
                        231     9.9829162496540835E-001     2.2716899261255796E+000     4.8306618350317878E+000    -7.3635096282015065E+000     5.6475183335578949E+000 
                        232     9.9820493256414766E-001     2.2704344880591529E+000     4.8368807462645034E+000    -7.3519537967151951E+000     5.6661725370192304E+000 
                        233     9.9816004974741390E-001     2.2697974310676416E+000     4.8410050059956262E+000    -7.3443144556714515E+000     5.6785242686753188E+000 
                        234     9.9811516693068014E-001     2.2691687395843325E+000     4.8471632842077126E+000    -7.3329592087078197E+000     5.6969339906134691E+000 
                        235     9.9802222187790135E-001     2.2678920494259573E+000     4.8552168309662864E+000    -7.3178279133311097E+000     5.7212731577311438E+000 
                        236     9.9792598753335993E-001     2.2666040816679875E+000     4.8631494672703051E+000    -7.3027868013514210E+000     5.7453835491964780E+000 
                        237     9.9782635014343557E-001     2.2653043982450969E+000     4.8689934105874855E+000    -7.2915063373753108E+000     5.7633325513986327E+000 
                        238     9.9777477101643153E-001     2.2646443899701989E+000     4.8728753015655517E+000    -7.2840427306906506E+000     5.7752348953741617E+000 
                        239     9.9772319188942749E-001     2.2639926815106990E+000     4.8767321331120916E+000    -7.2765946293263868E+000     5.7870930983018987E+000 
                        240     9.9766979129046895E-001     2.2633264052211040E+000     4.8805625846068255E+000    -7.2691655599345184E+000     5.7989015378553530E+000 
                        241     9.9761639069151042E-001     2.2626684267546358E+000     4.8862933285359746E+000    -7.2580999906730854E+000     5.8165325165057284E+000 
                        242     9.9750581998822940E-001     2.2613311176042861E+000     4.8938133979142266E+000    -7.2433312162593264E+000     5.8398979888499181E+000 
                        243     9.9739134846600364E-001     2.2599804378809347E+000     4.9012461920574015E+000    -7.2286194425750780E+000     5.8631073392626600E+000 
                        244     9.9727283977528181E-001     2.2586159614118180E+000     4.9067396608974567E+000    -7.2175702479954289E+000     5.8804242237228710E+000 
                        245     9.9721149601804004E-001     2.2579224954733026E+000     4.9103952515985698E+000    -7.2102493224124835E+000     5.8919237643635300E+000 
                        246     9.9715015226079828E-001     2.2572373668520549E+000     4.9140331640761250E+000    -7.2029390161214142E+000     5.9033926382296729E+000 
                        247     9.9708664551863246E-001     2.2565365732460112E+000     4.9176520865680535E+000    -7.1956405845037787E+000     5.9148294966807615E+000 
                        248     9.9702313877646664E-001     2.2558441341859798E+000     4.9230756574121397E+000    -7.1847567446512333E+000     5.9319254193554469E+000 
                        249     9.9689164673629727E-001     2.2544357299787094E+000     4.9302144995034318E+000    -7.1702120198170869E+000     5.9546301834830686E+000 
                        250     9.9675551860005407E-001     2.2530118301364617E+000     4.9372924654337984E+000    -7.1557010386940290E+000     5.9772288553195905E+000 
                        251     9.9661459333673763E-001     2.2515720209459262E+000     4.9425390779850407E+000    -7.1447935033553405E+000     5.9941198133030333E+000 
                        252     9.9654165137141359E-001     2.2508397945305298E+000     4.9460358984032675E+000    -7.1375599480280432E+000     6.0053492344072961E+000 
                        253     9.9646870940608956E-001     2.2501160324424494E+000     4.9512824476793451E+000    -7.1267712391261426E+000     6.0221509013602539E+000 
                        254     9.9631770774986450E-001     2.2486433653071511E+000     4.9582024456576610E+000    -7.1123477143847458E+000     6.0444868255367634E+000 
                        255     9.9616143342991181E-001     2.2471539008932835E+000     4.9650759487141238E+000    -7.0979510969641275E+000     6.0667394786718107E+000 
                        256     9.9599973558224597E-001     2.2456474884059969E+000     4.9719051352561703E+000    -7.0835793806080236E+000     6.0889183323262603E+000 
                        257     9.9583246014376614E-001     2.2441239796107268E+000     4.9786920746989711E+000    -7.0692324934353294E+000     6.1110237361533200E+000 
                        258     9.9565944386874305E-001     2.2425831688859001E+000     4.9854388963378202E+000    -7.0549120469314293E+000     6.1330612608885264E+000 
                        259     9.9548051171296315E-001     2.2410247684801932E+000     4.9921478376555175E+000    -7.0406110419233245E+000     6.1550352280158522E+000 
                        260     9.9529547590459566E-001     2.2394484372352044E+000     4.9988212056231607E+000    -7.0263318134202981E+000     6.1769471049025331E+000 
                        261     9.9510413671811415E-001     2.2378537597607826E+000     5.0054613069850014E+000    -7.0120655466374080E+000     6.1988094084827594E+000 
                        262     9.9490628379297397E-001     2.2362403031370346E+000     5.0120704300955481E+000    -6.9978135595530313E+000     6.2206223149715285E+000 
                        263     9.9470169667890007E-001     2.2346075884065297E+000     5.0186508542451600E+000    -6.9835697643902614E+000     6.2423960633870132E+000 
                        264     9.9449014540367453E-001     2.2329551259660887E+000     5.0252048625296117E+000    -6.9693332743470373E+000     6.2641346748822162E+000 
                        265     9.9427139004571119E-001     2.2312823958000232E+000     5.0317347805403081E+000    -6.9550975657034932E+000     6.2858443335666392E+000 
                        266     9.9404517946365234E-001     2.2295888625283524E+000     5.0382429756589682E+000    -6.9408616895288278E+000     6.3075294007042295E+000 
                        267     9.9381125250489066E-001     2.2278739664953395E+000     5.0447318044805041E+000    -6.9266153254443870E+000     6.3291997144006826E+000 
                        268     9.9356933926701230E-001     2.2261371726928125E+000     5.0512035603618290E+000    -6.9123658665754197E+000     6.3508556803174621E+000 
                        269     9.9331916096791484E-001     2.2243779013315113E+000     5.0576604888809227E+000    -6.8981075561966545E+000     6.3725077361682896E+000 
                        270     9.9306042681811479E-001     2.2225955595397200E+000     5.0641048598032929E+000    -6.8838399283987473E+000     6.3941556293131931E+000 
                        271     9.9279283160454757E-001     2.2207895066346031E+000     5.0705389784790533E+000    -6.8695576176887645E+000     6.4158115668274389E+000 
                        272     9.9251605667243847E-001     2.2189590847274325E+000     5.0769650933342909E+000    -6.8552595155427669E+000     6.4374737551536718E+000 
                        273     9.9222977637981868E-001     2.2171036464447957E+000     5.0833852796494421E+000    -6.8409412636462577E+000     6.4591519496182741E+000 
                        274     9.9193366517223736E-001     2.2152226140388613E+000     5.0898014284977471E+000    -6.8266009100666665E+000     6.4808510151321581E+000 
                        275     9.9162739795749577E-001     2.2133154687976799E+000     5.0945802175400514E+000    -6.8158118629331090E+000     6.4971034162977208E+000 
                        276     9.9147035431810238E-001     2.2123520330103941E+000     5.0994217043573453E+000    -6.8050543617024770E+000     6.5134350886949148E+000 
                        277     9.9114824378923627E-001     2.2104048205378306E+000     5.1058349122679001E+000    -6.7906648146919837E+000     6.5351882580573681E+000 
                        278     9.9081516335026032E-001     2.2084303510180558E+000     5.1122490181231743E+000    -6.7762571057333059E+000     6.5569652334628570E+000 
                        279     9.9047078311292958E-001     2.2064282008310432E+000     5.1186646595082763E+000    -6.7618288518674392E+000     6.5787699041111107E+000 
                        280     9.9011476729886794E-001     2.2043979581279389E+000     5.1250822764621411E+000    -6.7473798429702123E+000     6.6006015577358674E+000 
                        281     9.8974677161279589E-001     2.2023391977982056E+000     5.1315022238439587E+000    -6.7329101605567416E+000     6.6224616650989487E+000 
                        282     9.8936644170131893E-001     2.2002514718488699E+000     5.1379248328275349E+000    -6.7184170775362375E+000     6.6443524184129261E+000 
                        283     9.8897341227567959E-001     2.1981343190552738E+000     5.1443504374332045E+000    -6.7039008350171452E+000     6.6662756334491542E+000 
                        284     9.8856730752415822E-001     2.1959872541165333E+000     5.1491417706870823E+000    -6.6929711930780682E+000     6.6827107472891720E+000 
                        285     9.8835923176848250E-001     2.1949024540337412E+000     5.1539951484692956E+000    -6.6820799470691208E+000     6.6992215041175207E+000 
                        286     9.8793278902116854E-001     2.1927095931984173E+000     5.1604297138744828E+000    -6.6675018007634215E+000     6.7212280431665468E+000 
                        287     9.8749229381366310E-001     2.1904855737457440E+000     5.1668683839586915E+000    -6.6528927893213403E+000     6.7432730474771283E+000 
                        288     9.8703734572963753E-001     2.1882299347814835E+000     5.1716707580465844E+000    -6.6418843684172657E+000     6.7598097037174272E+000 
                        289     9.8680432607019020E-001     2.1870902410470379E+000     5.1765343505859516E+000    -6.6309233130715608E+000     6.7764125979164307E+000 
                        290     9.8632694384199526E-001     2.1847863458942203E+000     5.1829835966514137E+000    -6.6162410243673930E+000     6.7985527884709933E+000 
                        291     9.8583410667169602E-001     2.1824497791435178E+000     5.1877942135149864E+000    -6.6051778063827307E+000     6.8151623595737423E+000 
                        292     9.8558177011645975E-001     2.1812692660192061E+000     5.1910217126374709E+000    -6.5978127703534879E+000     6.8262625571715718E+000 
                        293     9.8532542391208544E-001     2.1800804724471430E+000     5.1958932536750924E+000    -6.5867879883634162E+000     6.8429506649444152E+000 
                        294     9.8480051542687452E-001     2.1776776480664521E+000     5.2023527957932139E+000    -6.5720181148620194E+000     6.8652040762208912E+000 
                        295     9.8425902075263783E-001     2.1752414016160757E+000     5.2088145587824437E+000    -6.5572165853455866E+000     6.8874940941736469E+000 
                        296     9.8370059318809189E-001     2.1727716619041257E+000     5.2152778030812712E+000    -6.5423887328693375E+000     6.9098141499991614E+000 
                        297     9.8312489380836099E-001     2.1702683690974651E+000     5.2217417806017155E+000    -6.5275319065975221E+000     6.9321645005166346E+000 
                        298     9.8253159026519332E-001     2.1677315115260596E+000     5.2282058158735891E+000    -6.5126494787456100E+000     6.9545431220534581E+000 
                        299     9.8192034048259014E-001     2.1651610192134196E+000     5.2346694425047708E+000    -6.4977423512688697E+000     6.9769474990681664E+000 
                        300     9.8129077880556337E-001     2.1625567205791403E+000     5.2411324840301692E+000    -6.4828134339831793E+000     6.9993760656731334E+000 
                        301     9.8064250769064687E-001     2.1599182990675554E+000     5.2475950787166425E+000    -6.4678608589749462E+000     7.0218322338647035E+000 
                        302     9.7997509371771740E-001     2.1572453099834497E+000     5.2540576873563110E+000    -6.4528826112055686E+000     7.0443143942965722E+000 
                        303     9.7928806563738513E-001     2.1545371791162458E+000     5.2605210911525093E+000    -6.4378777569907042E+000     7.0668281364705425E+000 
                        304     9.7858091266382008E-001     2.1517931944412876E+000     5.2669863423560317E+000    -6.4228428153605677E+000     7.0893753112148756E+000 
                        305     9.7785308793294934E-001     2.1490125403955846E+000     5.2734546680623655E+000    -6.4077759433110435E+000     7.1119605891660393E+000 
                        306     9.7710401326498486E-001     2.1461943097383522E+000     5.2799273912424711E+000    -6.3926697137051098E+000     7.1345900272635348E+000 
                        307     9.7633308159815479E-001     2.1433375522567393E+000     5.2864058957575111E+000    -6.3775237557964077E+000     7.1572665693940660E+000 
                        308     9.7553965777859342E-001     2.1404412346733142E+000     5.2928916277952940E+000    -6.3623325758878639E+000     7.1799965177409950E+000 
                        309     9.7472308011707753E-001     2.1375042819036905E+000     5.2993861038407406E+000    -6.3470946039232938E+000     7.2027867823264673E+000 
                        310     9.7388266123962930E-001     2.1345255556058818E+000     5.3058908872514507E+000    -6.3318056981857307E+000     7.2256396572516008E+000 
                        311     9.7301769184261000E-001     2.1315038857725028E+000     5.3124075411323375E+000    -6.3164658413764947E+000     7.2485609162093905E+000 
                        312     9.7212744397075557E-001     2.1284380536176721E+000     5.3189376066683058E+000    -6.3010628144147960E+000     7.2715598641823673E+000 
                        313     9.7121116998526813E-001     2.1253268743550140E+000     5.3254825972897901E+000    -6.2856008862206094E+000     7.2946372769706356E+000 
                        314     9.7026810093375515E-001     2.1221690755321947E+000     5.3320440116772687E+000    -6.2700722610405739E+000     7.3177996487106700E+000 
                        315     9.6929744533999718E-001     2.1189633784439934E+000     5.3386233389657889E+000    -6.2544724541931238E+000     7.3410548366388113E+000 
                        316     9.6829838856212713E-001     2.1157084734750131E+000     5.3452220606962486E+000    -6.2387983704387171E+000     7.3644061613351264E+000 
                        317     9.6727009111677087E-001     2.1124030044603290E+000     5.3518416448215858E+000    -6.2230470057390450E+000     7.3878579446644714E+000 
                        318     9.6621168658653978E-001     2.1090455608372114E+000     5.3584835341142671E+000    -6.2072108324625574E+000     7.4114190586363389E+000 
                        319     9.6512228002017508E-001     2.1056347079620794E+000     5.3651490951567542E+000    -6.1912954437449867E+000     7.4350914352463517E+000 
                        320     9.6400094990459706E-001     2.1021688897793709E+000     5.3718394667818501E+000    -6.1752860859467216E+000     7.4588840589312646E+000 
                        321     9.6284674912018653E-001     2.0986465914978081E+000     5.3784428728912248E+000    -6.1589039123200360E+000     7.4827973894300035E+000 
                        322     9.6165870406880483E-001     2.0950685475263642E+000     5.3848760067840233E+000    -6.1419235137265096E+000     7.5068440703679364E+000 
                        323     9.6043581374159503E-001     2.0914374894259238E+000     5.3911609816502128E+000    -6.1243908559413924E+000     7.5310222482123876E+000 
                        324     9.5917704905127021E-001     2.0877559782961765E+000     5.3973180279200959E+000    -6.1063502306970943E+000     7.5553394675442727E+000 
                        325     9.5788135276187403E-001     2.0840263934473695E+000     5.4033656440321334E+000    -6.0878433059253014E+000     7.5797971387802949E+000 
                        326     9.5654763980328261E-001     2.0802509323944576E+000     5.4093202681138948E+000    -6.0689052049665682E+000     7.6043983203686656E+000 
                        327     9.5517479849548970E-001     2.0764316507319451E+000     5.4151955665702456E+000    -6.0495720563748900E+000     7.6291434872417057E+000 
                        328     9.5376169252244847E-001     2.0725704410017456E+000     5.4210024634655056E+000    -6.0298709967360402E+000     7.6540315618347430E+000 
                        329     9.5230716309425401E-001     2.0686691022069255E+000     5.4267496665737616E+000    -6.0098262666691271E+000     7.6790686005153974E+000 
                        330     9.5081003318908275E-001     2.0647293649127798E+000     5.4310076383724608E+000    -5.9944605086785216E+000     7.6979975535853136E+000 
                        331     9.5003957314230736E-001     2.0627317668759848E+000     5.4338430236286950E+000    -5.9842048929280205E+000     7.7106227998063730E+000 
                        332     9.4926911309553197E-001     2.0607538142746491E+000     5.4380932655995382E+000    -5.9688099447414444E+000     7.7295653408182012E+000 
                        333     9.4768320148987406E-001     2.0567421583084666E+000     5.4437026215944266E+000    -5.9478726828729922E+000     7.7550297824089416E+000 
                        334     9.4605108581523023E-001     2.0526969259086583E+000     5.4492799956537148E+000    -5.9266739725758963E+000     7.7806303584766781E+000 
                        335     9.4437154700741310E-001     2.0486196756053863E+000     5.4548322491862882E+000    -5.9052451880348080E+000     7.8063669603094956E+000 
                        336     9.4264336388490633E-001     2.0445118144485281E+000     5.4589695456178982E+000    -5.8889154669110866E+000     7.8258207603380407E+000 
                        337     9.4175433679430887E-001     2.0424325834244739E+000     5.4617324128901688E+000    -5.8780492863135789E+000     7.8387857792093687E+000 
                        338     9.4086530970371141E-001     2.0403755514624615E+000     5.4644923424272411E+000    -5.8671384630270360E+000     7.8517819965360882E+000 
                        339     9.3995073088711756E-001     2.0382821045734723E+000     5.4672489314559698E+000    -5.8561807036657374E+000     7.8648113404719675E+000 
                        340     9.3903615207052371E-001     2.0362112446217888E+000     5.4700033307562519E+000    -5.8451837565885647E+000     7.8778675210048181E+000 
                        341     9.3809540330945906E-001     2.0341042034568848E+000     5.4727550256436892E+000    -5.8341430725142747E+000     7.8909570551786272E+000 
                        342     9.3715465454839442E-001     2.0320201006653802E+000     5.4768924606797178E+000    -5.8176322649070569E+000     7.9105760795425013E+000 
                        343     9.3521957386604682E-001     2.0278024089533986E+000     5.4823841969371543E+000    -5.7953292952299593E+000     7.9369221063403703E+000 
                        344     9.3322965697923521E-001     2.0235601470831313E+000     5.4878709794665408E+000    -5.7728919953800091E+000     7.9633730419210575E+000 
                        345     9.3118364007212906E-001     2.0192943881104930E+000     5.4919724070363145E+000    -5.7558637762471196E+000     7.9833489207841373E+000 
                        346     9.3013194252985976E-001     2.0171386616008675E+000     5.4947148909321530E+000    -5.7445594629036734E+000     7.9966478504580367E+000 
                        347     9.2908024498759034E-001     2.0150069888334508E+000     5.4974581845286021E+000    -5.7332307652549455E+000     8.0099734104325915E+000 
                        348     9.2799920985707962E-001     2.0128403419447221E+000     5.5002020654048724E+000    -5.7218780605427328E+000     8.0233200391537647E+000 
                        349     9.2691817472656890E-001     2.0106979492317811E+000     5.5029476865702414E+000    -5.7105094194998420E+000     8.0366876333489934E+000 
                        350     9.2580714230933048E-001     2.0085207578270490E+000     5.5056947951522073E+000    -5.6991191806456643E+000     8.0500763053027047E+000 
                        351     9.2469610989209206E-001     2.0063679689847045E+000     5.5098310092146621E+000    -5.6821220711158356E+000     8.0701277811082619E+000 
                        352     9.2241270741957782E-001     2.0020168233811089E+000     5.5153384571096540E+000    -5.6592516361206622E+000     8.0970259775083449E+000 
                        353     9.2006660094499026E-001     1.9976458162804833E+000     5.5208555395191539E+000    -5.6363295983606960E+000     8.1239976121580852E+000 
                        354     9.1765639865819759E-001     1.9932553842089098E+000     5.5249884812481982E+000    -5.6189877737353120E+000     8.1443442099519086E+000 
                        355     9.1641854081991403E-001     1.9910386899059176E+000     5.5277534441013785E+000    -5.6074910981961574E+000     8.1578788124195842E+000 
                        356     9.1518068298163047E-001     1.9888467828942764E+000     5.5319150589711930E+000    -5.5903425957303661E+000     8.1781379911406056E+000 
                        357     9.1263801439480741E-001     1.9844187613925313E+000     5.5374524589013223E+000    -5.5672834165756599E+000     8.2052967457578898E+000 
                        358     9.1002693243115174E-001     1.9799725251315685E+000     5.5429950625160114E+000    -5.5441868182714158E+000     8.2325114390206391E+000 
                        359     9.0734595613617330E-001     1.9755084265995555E+000     5.5485437149472210E+000    -5.5210587645301183E+000     8.2597743342433745E+000 
                        360     9.0459358646088917E-001     1.9710267759828628E+000     5.5526999398000445E+000    -5.5035840559048808E+000     8.2803279201018629E+000 
                        361     9.0318094660584314E-001     1.9687651760601181E+000     5.5554805686475710E+000    -5.4920101912571910E+000     8.2939914876962675E+000 
                        362     9.0176830675079711E-001     1.9665285709094957E+000     5.5596665137494297E+000    -5.4747625626928240E+000     8.3144293087173988E+000 
                        363     8.9886858204530495E-001     1.9620122678631173E+000     5.5652412856240154E+000    -5.4515975812441040E+000     8.3418103622290989E+000 
                        364     8.9589285981097100E-001     1.9574788244287913E+000     5.5708249202443385E+000    -5.4284291579718715E+000     8.3692244832147402E+000 
                        365     8.9283957010363679E-001     1.9529283024554149E+000     5.5764155937955175E+000    -5.4052633042102247E+000     8.3966660063578793E+000 
                        366     8.8970712617646019E-001     1.9483607063218904E+000     5.5806016781353520E+000    -5.3877722930223184E+000     8.4173410654818550E+000 
                        367     8.8810052519862459E-001     1.9460563867431242E+000     5.5834003908608407E+000    -5.3761889190015815E+000     8.4310791961329627E+000 
                        368     8.8649392422078899E-001     1.9437769101953828E+000     5.5861996935979734E+000    -5.3646082097208962E+000     8.4448204040481976E+000 
                        369     8.8484613384878896E-001     1.9414641179411734E+000     5.5889987507563044E+000    -5.3530234935681253E+000     8.4585683057927437E+000 
                        370     8.8319834347678894E-001     1.9391761329435999E+000     5.5932078906862035E+000    -5.3357655440271250E+000     8.4791164849008691E+000 
                        371     8.7981874584738806E-001     1.9345575990093706E+000     5.5988027233060764E+000    -5.3125905076932014E+000     8.5066308363018699E+000 
                        372     8.7635347670740193E-001     1.9299222572912262E+000     5.6043943122174840E+000    -5.2894198187156007E+000     8.5341550237430130E+000 
                        373     8.7280086446965544E-001     1.9252701149447182E+000     5.6099814041302425E+000    -5.2662527998046569E+000     8.5616851783064032E+000 
                        374     8.6915922118957101E-001     1.9206011884299496E+000     5.6141577777147784E+000    -5.2487622747093621E+000     8.5824152114569880E+000 
                        375     8.6729303181886730E-001     1.9182464954601095E+000     5.6169473756989614E+000    -5.2371830002064899E+000     8.5961806883445053E+000 
                        376     8.6542684244816359E-001     1.9159163535872648E+000     5.6197354809539997E+000    -5.2256041160962905E+000     8.6099458920553360E+000 
                        377     8.6351442464400319E-001     1.9135533184518589E+000     5.6225214388472287E+000    -5.2140256918866381E+000     8.6237125220064144E+000 
                        378     8.6160200683984278E-001     1.9112147816315141E+000     5.6253056508712342E+000    -5.2024501734497557E+000     8.6374762383186088E+000 
                        379     8.5964249121090608E-001     1.9088434113413515E+000     5.6280874419460032E+000    -5.1908765440042801E+000     8.6512388150355601E+000 
                        380     8.5768297558196938E-001     1.9064964641330435E+000     5.6322668076535249E+000    -5.1736361799524486E+000     8.6718024756457055E+000 
                        381     8.5366799271953908E-001     1.9017605080651305E+000     5.6378147885533423E+000    -5.1505003336469848E+000     8.6993161586900847E+000 
                        382     8.4955528688649851E-001     1.8970077166677939E+000     5.6433516240565940E+000    -5.1273743384558275E+000     8.7268185115676165E+000 
                        383     8.4534307224766514E-001     1.8922380374568484E+000     5.6488761045337021E+000    -5.1042598791248643E+000     8.7543076762603249E+000 
                        384     8.4102955052695783E-001     1.8874513999094473E+000     5.6530003197512713E+000    -5.0868173301901143E+000     8.7749917569370233E+000 
                        385     8.3882123172721967E-001     1.8850379815470020E+000     5.6557527368672753E+000    -5.0752696390220713E+000     8.7887240252747798E+000 
                        386     8.3661291292748152E-001     1.8826485793870735E+000     5.6585017593012310E+000    -5.0637286712706864E+000     8.8024499724161096E+000 
                        387     8.3435212800546754E-001     1.8802266435446700E+000     5.6612468648143253E+000    -5.0521890746495233E+000     8.8161704430178691E+000 
                        388     8.3209134308345356E-001     1.8778286220403182E+000     5.6639885526237315E+000    -5.0406588020821035E+000     8.8298832871079540E+000 
                        389     8.2977718045273752E-001     1.8753980969233632E+000     5.6667263835980242E+000    -5.0291263818295011E+000     8.8435952666392534E+000 
                        390     8.2746301782202147E-001     1.8729913875781410E+000     5.6694608956409054E+000    -5.0176045619072198E+000     8.8572969303673919E+000 
                        391     8.2509456451551022E-001     1.8705522210412733E+000     5.6721916941209045E+000    -5.0060866126116066E+000     8.8709921426058980E+000 
                        392     8.2272611120899897E-001     1.8681367291110258E+000     5.6749193657259021E+000    -4.9945758483159022E+000     8.8846818958987672E+000 
                        393     8.2030245437132177E-001     1.8656888154249438E+000     5.6776435689826767E+000    -4.9830728356617886E+000     8.8983626713163471E+000 
                        394     8.1787879753364456E-001     1.8632644301632417E+000     5.6817343781185574E+000    -4.9659456515708236E+000     8.9187914952668734E+000 
                        395     8.1291925433797552E-001     1.8583733747905229E+000     5.6871641322020015E+000    -4.9429850066157641E+000     8.9461088909213284E+000 
                        396     8.0784566408713032E-001     1.8534641155582843E+000     5.6925832650854238E+000    -4.9200616701802833E+000     8.9733947377177401E+000 
                        397     8.0265621324555481E-001     1.8485363040230351E+000     5.6979925644836555E+000    -4.8971846503802601E+000     9.0006393998978833E+000 
                        398     7.9734909199665460E-001     1.8435894799120889E+000     5.7020345571278073E+000    -4.8799435674064959E+000     9.0211306498188222E+000 
                        399     7.9463579393278982E-001     1.8410954542687630E+000     5.7047329184512536E+000    -4.8685391521514960E+000     9.0347240030834239E+000 
                        400     7.9192249586892505E-001     1.8386240445551907E+000     5.7074294000559940E+000    -4.8571497973392832E+000     9.0483076383352827E+000 
                        401     7.8914856240627218E-001     1.8361201458696668E+000     5.7101237010932921E+000    -4.8457723315993269E+000     9.0618793162505327E+000 
                        402     7.8637462894361942E-001     1.8336386274198599E+000     5.7128163090522168E+000    -4.8344084866606618E+000     9.0754414019237171E+000 
                        403     7.8353916644462962E-001     1.8311245725538314E+000     5.7155069619444241E+000    -4.8230576058200239E+000     9.0889907070686142E+000 
                        404     7.8070370394563982E-001     1.8286326593091116E+000     5.7181961304360271E+000    -4.8117217914137846E+000     9.1025294947418196E+000 
                        405     7.7780582460548453E-001     1.8261081440715634E+000     5.7208835671530798E+000    -4.8003996172647865E+000     9.1160567820457441E+000 
                        406     7.7490794526532925E-001     1.8236055141369212E+000     5.7235697413386593E+000    -4.7890949776810805E+000     9.1295714770831591E+000 
                        407     7.7194676743447288E-001     1.8210701930393762E+000     5.7262544329289664E+000    -4.7778016004504185E+000     9.1430756116406950E+000 
                        408     7.6898558960361652E-001     1.8185564943592680E+000     5.7302878067616332E+000    -4.7610028506028925E+000     9.1632274460460312E+000 
                        409     7.6293488536017917E-001     1.8134840373371697E+000     5.7356499988902163E+000    -4.7385187774924002E+000     9.1901558785885165E+000 
                        410     7.5675409513337166E-001     1.8083880917819564E+000     5.7410091540010972E+000    -4.7161020598690557E+000     9.2170354998145481E+000 
                        411     7.5044149722278453E-001     1.8032677806063739E+000     5.7463661670776665E+000    -4.6937610065183772E+000     9.2438567637359075E+000 
                        412     7.4399538615973593E-001     1.7981220892022802E+000     5.7503758600766721E+000    -4.6769499666135141E+000     9.2640179273097640E+000 
                        413     7.4070473042257901E-001     1.7955264374593869E+000     5.7530540897932987E+000    -4.6658364876836407E+000     9.2773902107022774E+000 
                        414     7.3741407468542208E-001     1.7929507686780981E+000     5.7557324786474080E+000    -4.6547459111186535E+000     9.2907424469747433E+000 
                        415     7.3405498585676898E-001     1.7903415186036313E+000     5.7584108668975409E+000    -4.6436739742852122E+000     9.3040823486988486E+000 
                        416     7.3069589702811588E-001     1.7877518617801000E+000     5.7610896483682161E+000    -4.6326228890006860E+000     9.3174063983460602E+000 
                        417     7.2726755486134009E-001     1.7851284086157262E+000     5.7637686474268008E+000    -4.6215915296028545E+000     9.3307179320284757E+000 
                        418     7.2383921269456430E-001     1.7825241530218610E+000     5.7664482098046532E+000    -4.6105817503180200E+000     9.3440113313483835E+000 
                        419     7.2034081465679700E-001     1.7798858629004009E+000     5.7691281322352026E+000    -4.5995920317781440E+000     9.3572936937940607E+000 
                        420     7.1684241661902970E-001     1.7772663555934978E+000     5.7718086997290889E+000    -4.5886251328630401E+000     9.3705564828608114E+000 
                        421     7.1327318030358167E-001     1.7746125530483048E+000     5.7744896958128491E+000    -4.5776784993430715E+000     9.3838037402660586E+000 
                        422     7.0970394398813375E-001     1.7719770959798535E+000     5.7771713705687739E+000    -4.5667521161913180E+000     9.3970380566129634E+000 
                        423     7.0606310789888815E-001     1.7693070826199162E+000     5.7798534723527348E+000    -4.5558472866004340E+000     9.4102549165095439E+000 
                        424     7.0242227180964267E-001     1.7666549705301120E+000     5.7838842814980911E+000    -4.5396313943573405E+000     9.4299737374236621E+000 
                        425     6.9499592155930201E-001     1.7612976739665251E+000     5.7892509257247822E+000    -4.5179499952858588E+000     9.4563143675012853E+000 
                        426     6.8742346509792185E-001     1.7559044166273441E+000     5.7946200326281128E+000    -4.4963593463770746E+000     9.4825869976489106E+000 
                        427     6.7970352464106476E-001     1.7504734944809073E+000     5.7999920978943438E+000    -4.4748572089604686E+000     9.5087984683440858E+000 
                        428     6.7183478566909560E-001     1.7450031566634916E+000     5.8040115353826547E+000    -4.4587165934111157E+000     9.5284606672051275E+000 
                        429     6.6784422452204639E-001     1.7422530321073999E+000     5.8067009655039339E+000    -4.4480345674933943E+000     9.5415126355390125E+000 
                        430     6.6381600316915024E-001     1.7394923534997431E+000     5.8093916410968633E+000    -4.4373766682819973E+000     9.5545499793472448E+000 
                        431     6.5974997716138062E-001     1.7367208656836948E+000     5.8120836956678819E+000    -4.4267389473690439E+000     9.5675690683896519E+000 
                        432     6.5564600877815593E-001     1.7339383342264310E+000     5.8147772603285448E+000    -4.4161240141116576E+000     9.5805745495181043E+000 
                        433     6.5150396482265527E-001     1.7311445019016833E+000     5.8174724368025830E+000    -4.4055341477191083E+000     9.5935591274956877E+000 
                        434     6.4732371824201418E-001     1.7283390910196457E+000     5.8201693237615935E+000    -4.3949668414213363E+000     9.6065306269161308E+000 
                        435     6.4310514651988915E-001     1.7255218328045738E+000     5.8228679911614218E+000    -4.3844254959275739E+000     9.6194805421494642E+000 
                        436     6.3884813437886612E-001     1.7226924305742077E+000     5.8255684859723713E+000    -4.3739076261730938E+000     9.6324152219487900E+000 
                        437     6.3455257194376036E-001     1.7198505962017323E+000     5.8282708260945215E+000    -4.3634173854818421E+000     9.6453306001002748E+000 
                        438     6.3021835644296598E-001     1.7169960073894177E+000     5.8309750293887310E+000    -4.3529501122603422E+000     9.6582293683040614E+000 
                        439     6.2584539059349753E-001     1.7141283639215519E+000     5.8336810848011265E+000    -4.3425071561376525E+000     9.6711128400802178E+000 
                        440     6.2143358468823640E-001     1.7112473495078215E+000     5.8363889791472632E+000    -4.3320873732921035E+000     9.6839770216947691E+000 
                        441     6.1698285690227994E-001     1.7083526479882578E+000     5.8390986627646670E+000    -4.3216919035568999E+000     9.6968238494008876E+000 
                        442     6.1249313120293936E-001     1.7054439263651633E+000     5.8418101165285350E+000    -4.3113195312127459E+000     9.7096535379723399E+000 
                        443     6.0796433877361755E-001     1.7025208509672973E+000     5.8445233080987773E+000    -4.3009726842497003E+000     9.7224639130130015E+000 
                        444     6.0339641699170476E-001     1.6995830617256276E+000     5.8472382207499392E+000    -4.2906480140817473E+000     9.7352559241197802E+000 
                        445     5.9878931307394589E-001     1.6966302130191713E+000     5.8499548537148245E+000    -4.2803470265724508E+000     9.7480324600241914E+000 
                        446     5.9414297945660777E-001     1.6936619375888196E+000     5.8526732153405492E+000    -4.2700700408604533E+000     9.7607889785711883E+000 
                        447     5.8945737764891781E-001     1.6906778562684739E+000     5.8553933259777766E+000    -4.2598171813435579E+000     9.7735281965836069E+000 
                        448     5.8473247676996309E-001     1.6876775777384272E+000     5.8581152164738777E+000    -4.2495874441983865E+000     9.7862502668622504E+000 
                        449     5.7996825623080250E-001     1.6846607075122662E+000     5.8608388986735349E+000    -4.2393844799105684E+000     9.7989544144923002E+000 
                        450     5.7516470281112042E-001     1.6816268129002327E+000     5.8635644009681265E+000    -4.2292044147107717E+000     9.8116401473772239E+000 
                        451     5.7032181442735463E-001     1.6785754770292516E+000     5.8662917120394020E+000    -4.2190501782493524E+000     9.8243071399035689E+000 
                        452     5.6543959857557002E-001     1.6755062497828530E+000     5.8690208344774657E+000    -4.2089176632673100E+000     9.8369579302215762E+000 
                        453     5.6051807279326282E-001     1.6724186970007411E+000     5.8717517449629453E+000    -4.1988099760735675E+000     9.8495891494177474E+000 
                        454     5.5555726724986276E-001     1.6693123505506748E+000     5.8744843798210686E+000    -4.1887246808615055E+000     9.8622042325720596E+000 
                        455     5.5055722119842576E-001     1.6661867446275376E+000     5.8772186680037901E+000    -4.1786638996440937E+000     9.8747991431777340E+000 
                        456     5.4551798607153590E-001     1.6630413843287390E+000     5.8799545337501096E+000    -4.1686259227914810E+000     9.8873770392650808E+000 
                        457     5.4043962198487472E-001     1.6598757701209750E+000     5.8826919098138122E+000    -4.1586096501687386E+000     9.8999359162546501E+000 
                        458     5.3532220285757615E-001     1.6566893962188078E+000     5.8854307223798941E+000    -4.1486202576751392E+000     9.9124772765678220E+000 
                        459     5.3016581148552500E-001     1.6534817001186608E+000     5.8881709284464208E+000    -4.1386502046305740E+000     9.9250023623761745E+000 
                        460     5.2497054246764763E-001     1.6502521571434003E+000     5.8909124982996390E+000    -4.1287053772723166E+000     9.9375065969615477E+000 
                        461     5.1973650348738532E-001     1.6470001813425739E+000     5.8936554333031337E+000    -4.1187840737150969E+000     9.9499927208428254E+000 
                        462     5.1446381240558825E-001     1.6437251782458657E+000     5.8963997415249620E+000    -4.1088859639514501E+000     9.9624617236988140E+000 
                        463     5.0915260230627002E-001     1.6404265369502242E+000     5.8991454628119939E+000    -4.0990089758469264E+000     9.9749141477926120E+000 
                        464     5.0380302096204599E-001     1.6371036422192942E+000     5.9018926358222421E+000    -4.0891597317515886E+000     9.9873451623000609E+000 
                        465     4.9841523078873179E-001     1.6337558062622988E+000     5.9046413575427099E+000    -4.0793300347851407E+000     9.9997602422174712E+000 
                        466     4.9298941050716677E-001     1.6303823821491130E+000     5.9073916976003096E+000    -4.0695224136409278E+000     1.0012158739899492E+001 
                        467     4.8752575561315120E-001     1.6269826812285595E+000     5.9101437108870680E+000    -4.0597403906722560E+000     1.0024538238418600E+001 
                        468     4.8202447878426730E-001     1.6235559629656526E+000     5.9128974501224265E+000    -4.0499804984892700E+000     1.0036897801434092E+001 
                        469     4.7648580961242520E-001     1.6201014879366669E+000     5.9156529544377872E+000    -4.0402436897381735E+000     1.0049241220095778E+001 
                        470     4.7090999669739059E-001     1.6166184831931119E+000     5.9184102579625311E+000    -4.0305314128429544E+000     1.0061567460828172E+001 
                        471     4.6529730440226885E-001     1.6131061340296107E+000     5.9211693809975801E+000    -4.0208392750427580E+000     1.0073873439904537E+001 
                        472     4.5964801732441279E-001     1.6095636324836060E+000     5.9239303100442324E+000    -4.0111702709973205E+000     1.0086164139983731E+001 
                        473     4.5396243759393357E-001     1.6059901143286766E+000     5.9266930429511682E+000    -4.0015232485655625E+000     1.0098436283385915E+001 
                        474     4.4824088618753449E-001     1.6023846912477449E+000     5.9294575562705676E+000    -3.9919001148634421E+000     1.0110689090537692E+001 
                        475     4.4248370550979604E-001     1.5987464249417740E+000     5.9322238330726194E+000    -3.9822999067274294E+000     1.0122925132528522E+001 
                        476     4.3669125730753339E-001     1.5950743471006390E+000     5.9349918588105801E+000    -3.9727225307254113E+000     1.0135143636132449E+001 
                        477     4.3086392571386928E-001     1.5913674518554881E+000     5.9377616515257898E+000    -3.9631673617472702E+000     1.0147345236966087E+001 
                        478     4.2500211751403566E-001     1.5876246980572841E+000     5.9405332263310493E+000    -3.9536388901612844E+000     1.0159527126550438E+001 
                        479     4.1910626305010007E-001     1.5838449623559636E+000     5.9433066275436843E+000    -3.9441307065799820E+000     1.0171690788701458E+001 
                        480     4.1317681814888835E-001     1.5800271319576924E+000     5.9460818755963647E+000    -3.9346443239900939E+000     1.0183839189920844E+001 
                        481     4.0721426703772295E-001     1.5761700358929445E+000     5.9488590158319239E+000    -3.9251801350541107E+000     1.0195967298529791E+001 
                        482     4.0121911809705274E-001     1.5722724483096600E+000     5.9516380939288398E+000    -3.9157375563991645E+000     1.0208081633054354E+001 
                        483     3.9519190791418796E-001     1.5683330962917241E+000     5.9544191564379316E+000    -3.9063195443368226E+000     1.0220173619719795E+001 
                        484     3.8913320305588756E-001     1.5643506247646346E+000     5.9572022777719296E+000    -3.8969237242060029E+000     1.0232251935433641E+001 
                        485     3.8304359952684669E-001     1.5603236402750578E+000     5.9599875560627549E+000    -3.8875482895702635E+000     1.0244314364695294E+001 
                        486     3.7692372234605104E-001     1.5562507025262935E+000     5.9627750002781648E+000    -3.8781988305351089E+000     1.0256354364133060E+001 
                        487     3.7077422785659725E-001     1.5521302513663859E+000     5.9655647018516706E+000    -3.8688744211030643E+000     1.0268378665495163E+001 
                        488     3.6459580519159845E-001     1.5479606621727817E+000     5.9683567751988909E+000    -3.8595708009120133E+000     1.0280386457451455E+001 
                        489     3.5838917457373792E-001     1.5437402726834264E+000     5.9711513006589225E+000    -3.8502890667179481E+000     1.0292376261402056E+001 
                        490     3.5215509285774255E-001     1.5394673306458195E+000     5.9739483568637031E+000    -3.8410312271432514E+000     1.0304350424628108E+001 
                        491     3.4589435108201566E-001     1.5351399758479864E+000     5.9767480688822454E+000    -3.8317973848576123E+000     1.0316304405588712E+001 
                        492     3.3960777634371281E-001     1.5307562524169964E+000     5.9795505492918686E+000    -3.8225826717619449E+000     1.0328244300692367E+001 
                        493     3.3329623614581599E-001     1.5263141559247284E+000     5.9823558352600825E+000    -3.8133945551923474E+000     1.0340165066694166E+001 
                        494     3.2696064001734398E-001     1.5218115010159097E+000     5.9851639749806314E+000    -3.8042298770443894E+000     1.0352069041703571E+001 
                        495     3.2060193927752562E-001     1.5172460193890493E+000     5.9879749627828254E+000    -3.7950863259531160E+000     1.0363957049991978E+001 
                        496     3.1422112780609052E-001     1.5126153444873698E+000     5.9907887193891582E+000    -3.7859660207382584E+000     1.0375827552110385E+001 
                        497     3.0781924767497409E-001     1.5079169588800312E+000     5.9936051147014284E+000    -3.7768686259261983E+000     1.0387680110233887E+001 
                        498     3.0139738829235779E-001     1.5031482078848908E+000     5.9964240050484392E+000    -3.7677928520533093E+000     1.0399518675221881E+001 
                        499     2.9495668995401220E-001     1.4983063011642725E+000     5.9992451757892935E+000    -3.7587382909396845E+000     1.0411338572675481E+001 
                        500     2.8849834334957941E-001     1.4933882903134736E+000     6.0020683581817567E+000    -3.7497037268669708E+000     1.0423142024579745E+001 
                        501     2.8202359470677413E-001     1.4883910681872943E+000     6.0048932023759853E+000    -3.7406913687781356E+000     1.0434929634006394E+001 
                        502     2.7553374886815457E-001     1.4833113162281368E+000     6.0077194771836329E+000    -3.7317000230634183E+000     1.0446699619844956E+001 
                        503     2.6903016585083378E-001     1.4781455229211733E+000     6.0105469282782957E+000    -3.7227281929163811E+000     1.0458454681509000E+001 
                        504     2.6251427173123626E-001     1.4728899783378151E+000     6.0133753316218890E+000    -3.7137758373473333E+000     1.0470192480925938E+001 
                        505     2.5598755683047886E-001     1.4675407354743732E+000     6.0162044800949870E+000    -3.7048427751766302E+000     1.0481914054059589E+001 
                        506     2.4945157699868820E-001     1.4620935898619407E+000     6.0190341719873972E+000    -3.6959292752686150E+000     1.0493620814242437E+001 
                        507     2.4290796252497698E-001     1.4565440556445934E+000     6.0218642860770499E+000    -3.6870342436647827E+000     1.0505310744946819E+001 
                        508     2.3635841861885493E-001     1.4508873553385784E+000     6.0246946649700650E+000    -3.6781566638173571E+000     1.0516983312606623E+001 
                        509     2.2980472587818573E-001     1.4451183890486781E+000     6.0275251637718474E+000    -3.6692957478302528E+000     1.0528641357731297E+001 
                        510     2.2324875120870696E-001     1.4392317072173053E+000     6.0303556851736300E+000    -3.6604525649015849E+000     1.0540282780189191E+001 
                        511     2.1669244527173998E-001     1.4332214442790987E+000     6.0331861168637966E+000    -3.6516264100372982E+000     1.0551911557544138E+001 
                        512     2.1013785438217597E-001     1.4270813091224699E+000     6.0360164050485468E+000    -3.6428174042598642E+000     1.0563522798959374E+001 
                        513     2.0358711580948924E-001     1.4208045202035438E+000     6.0388465127220385E+000    -3.6340275356177236E+000     1.0575117516313849E+001 
                        514     1.9704247280270709E-001     1.4143837351465949E+000     6.0416764827650447E+000    -3.6252503411832988E+000     1.0586699561109175E+001 
                        515     1.9050627422205529E-001     1.4078111136946274E+000     6.0445061894355474E+000    -3.6164933350649915E+000     1.0598263920865229E+001 
                        516     1.8398098223271603E-001     1.4010780454450147E+000     6.0473357086560142E+000    -3.6077525311275878E+000     1.0609812026068276E+001 
                        517     1.7746918292083597E-001     1.3941752489632968E+000     6.0501651177535267E+000    -3.5990270311360724E+000     1.0621347929870838E+001 
                        518     1.7097358858001027E-001     1.3870926378524342E+000     6.0529944512403713E+000    -3.5903178077097202E+000     1.0632866587233748E+001 
                        519     1.6449704968440154E-001     1.3798191960162176E+000     6.0558237663966308E+000    -3.5816252347024005E+000     1.0644371014068408E+001 
                        520     1.5804256288857516E-001     1.3723428704833049E+000     6.0586530608265301E+000    -3.5729493121828972E+000     1.0655859428272407E+001 
                        521     1.5161328037205396E-001     1.3646504436862967E+000     6.0614824272771868E+000    -3.5642901459657299E+000     1.0667335609227683E+001 
                        522     1.4521252212085772E-001     1.3567273781278975E+000     6.0643119385825761E+000    -3.5556460889902173E+000     1.0678795369002938E+001 
                        523     1.3884378798416169E-001     1.3485576684583529E+000     6.0671415197647498E+000    -3.5470200822990425E+000     1.0690239894696877E+001 
                        524     1.3251076514545274E-001     1.3401235338788373E+000     6.0699713180419748E+000    -3.5384100760010639E+000     1.0701669241109835E+001 
                        525     1.2621734998657158E-001     1.3314052652841888E+000     6.0728012559923270E+000    -3.5298162269283768E+000     1.0713084594951800E+001 
                        526     1.1996766430949563E-001     1.3223808831761781E+000     6.0756313515246321E+000    -3.5212396577136698E+000     1.0724485306420322E+001 
                        527     1.1376606728560329E-001     1.3130257427971432E+000     6.0784616964305407E+000    -3.5126799866917482E+000     1.0735871503323308E+001 
                        528     1.0761718301620876E-001     1.3033121333702411E+000     6.0812922578505608E+000    -3.5041360050649177E+000     1.0747242516742315E+001 
                        529     1.0152592455206261E-001     1.2932087656180382E+000     6.0841230240468054E+000    -3.4956078063122100E+000     1.0758600027579833E+001 
                        530     9.5497517147424882E-002     1.2826800831509404E+000     6.0869540611812711E+000    -3.4870954941806520E+000     1.0769944435385103E+001 
                        531     8.9537535961865033E-002     1.2716854610057673E+000     6.0897852681657412E+000    -3.4786000018408898E+000     1.0781272516771223E+001 
                        532     8.3651942655910638E-002     1.2601781702722998E+000     6.0926165841672253E+000    -3.4701192571652464E+000     1.0792587620396661E+001 
                        533     7.7847124481006225E-002     1.2481041720265966E+000     6.0954479883826567E+000    -3.4616556639178939E+000     1.0803887209497763E+001 
                        534     7.2129948363130747E-002     1.2354003707481664E+000     6.0982795078006786E+000    -3.4532067802813855E+000     1.0815172980608672E+001 
                        535     6.6507818085305204E-002     1.2219926305810300E+000     6.1011109772191823E+000    -3.4447744389572970E+000     1.0826444215449760E+001 
                        536     6.0988750228573918E-002     1.2077928897820900E+000     6.1039423949832239E+000    -3.4363575130704267E+000     1.0837702037880948E+001 
                        537     5.5581461005469845E-002     1.1926955556618282E+000     6.1067736846222269E+000    -3.4279551819186733E+000     1.0848945295453328E+001 
                        538     5.0295471377092615E-002     1.1765724910471604E+000     6.1096047928055919E+000    -3.4195697479706055E+000     1.0860175279819959E+001 
                        539     4.5141237860822303E-002     1.1592659532892815E+000     6.1124357376118867E+000    -3.4111997375001666E+000     1.0871390874909464E+001 
                        540     4.0130323525780554E-002     1.1405789119719711E+000     6.1152664811586845E+000    -3.4028449738054110E+000     1.0882591411772966E+001 
                        541     3.5275612752462104E-002     1.1202607182163824E+000     6.1180968954719352E+000    -3.3945044841001395E+000     1.0893779371249565E+001 
                        542     3.0591595191569898E-002     1.0979857238843913E+000     6.1209269307635132E+000    -3.3861802005390587E+000     1.0904950521400581E+001 
                        543     2.6094752399754617E-002     1.0733198227462544E+000     6.1237563349988831E+000    -3.3778703697607133E+000     1.0916108325816648E+001 
                        544     2.1804089376016689E-002     1.0456664659374113E+000     6.1265850170974891E+000    -3.3695772819573162E+000     1.0927250690895395E+001 
                        545     1.7741908422911290E-002     1.0141735330462609E+000     6.1294128029689752E+000    -3.3613007274491520E+000     1.0938377926095153E+001 
                        546     1.3934922531867733E-002     9.7756232487232120E-001     6.1334639866627887E+000    -3.3495326754629007E+000     1.0954237344755470E+001 
                        547     7.2280326421775842E-003     8.7911826652241576E-001     6.1379562089682356E+000    -3.3363380998915217E+000     1.0971954026700789E+001 
                        548     4.4292535071396855E-003     8.0654728485692451E-001     6.1401733853126688E+000    -3.3298707390634212E+000     1.0980658090800130E+001 
                        549     3.2016368218866220E-003     7.5873616125706300E-001     6.1418741648832880E+000    -3.3249407990934245E+000     1.0987306862984655E+001 
                        550     1.6409787768800199E-003     6.6072154772871328E-001     6.1436907667030551E+000    -3.3196612894191113E+000     1.0994420022810242E+001 
                        551     8.0453873745239823E-004     5.5668955346488658E-001     6.1448437202250510E+000    -3.3163161837062884E+000     1.0998929645213833E+001 
                        552     4.3574775369287222E-004     4.6745920174829891E-001     6.1455243818398806E+000    -3.3143458483113721E+000     1.1001588114464365E+001 
                        553     2.2286911965835321E-004     3.7006779755466268E-001     6.1459907947295145E+000    -3.3129949364506701E+000     1.1003409773978065E+001 
                        554     1.1642980264109370E-004     2.7586777504972432E-001     6.1462799857510362E+000    -3.3121577362566410E+000     1.1004539137748198E+001 
                        555     6.3210144132408441E-005     1.8731609440682148E-001     6.1464571347112065E+000    -3.3116454090189671E+000     1.1005230469941310E+001 
                        556     3.6600314878121321E-005     1.0813942723826962E-001     6.1465633610496244E+000    -3.3113382173672132E+000     1.1005645207641022E+001 
                        557     2.3295400250977760E-005     4.2689917798208236E-002     6.1466250914243821E+000    -3.3111591405505143E+000     1.1005886072705781E+001 
                        558     1.6642942937405980E-005    -6.0153057444903447E-003     6.1466711177165712E+000    -3.3110267912996325E+000     1.1006065494017319E+001 
                        559     9.9904856238341999E-006    -7.9925873550261400E-002     6.1467188783810434E+000    -3.3108882788871852E+000     1.1006252133583711E+001 
                        560     4.9952428123334336E-006    -1.8029656277678377E-001     6.1467575931096681E+000    -3.3107752254343752E+000     1.1006404691073353E+001 
                        561     2.4976214065275393E-006    -2.8065692169429152E-001     6.1467819711678953E+000    -3.3107047528054387E+000     1.1006498763635262E+001 
                        562     1.2488107036801033E-006    -3.8101081552663957E-001     6.1467973258354789E+000    -3.3106622455932389E+000     1.1006557265150326E+001 
                        563     6.2440535225638527E-007    -4.8136110179613850E-001     6.1468069991463352E+000    -3.3106335888927521E+000     1.1006595425861194E+001 
                        564     3.1220267654452627E-007    -5.8170879001067199E-001     6.1468130937659291E+000    -3.3106149577679886E+000     1.1006620231064177E+001 
                        565     1.5610133868859677E-007    -6.8205462408898465E-001     6.1468169326041240E+000    -3.3106041120767022E+000     1.1006635277715958E+001 
                        566     7.8050668927964750E-008    -7.8239934509726705E-001     6.1468201571231083E+000    -3.3105957773949615E+000     1.1006647373974282E+001 
