                          1                           2                           3                           4                           5                           6                           7                           8                           9                          10                          11                          12                          13                          14                          15                          16                          17                          18                          19                          20                          21                          22                          23                          24                          25                          26                          27                          28                          29                          30                          31                          32                          33                          34                          35                          36                          37                          38                          39                          40                          41                          42                          43                          44                          45 
               model_number                   num_zones                initial_mass                   initial_z                    star_age                   time_step                        Teff               photosphere_L               photosphere_r                  center_eta                   center_h1                  center_he3                  center_he4                  center_c12                  center_n14                  center_o16                 center_ne20                   star_mass                   star_mdot                star_mass_h1               star_mass_he3               star_mass_he4               star_mass_c12               star_mass_n14               star_mass_o16              star_mass_ne20                he_core_mass                 c_core_mass                 o_core_mass                si_core_mass                fe_core_mass      neutron_rich_core_mass                  tau10_mass                tau10_radius                 tau100_mass               tau100_radius                dynamic_time                kh_timescale               nuc_timescale              power_nuc_burn                power_h_burn               power_he_burn                   power_neu                   burn_min1                   burn_min2 
                          1                         455     2.0000000000000000E+001     2.0000000000000000E-002     1.0000000000000001E-005     1.0000000000000001E-005     3.4591015446163242E+003     2.2163401260969287E+004     4.1509778752100533E+002    -1.3303566694259642E+001     7.0000000000000007E-001     2.9797635251138597E-005     2.7997020236474890E-001     3.4416106108120393E-003     1.0081585468366045E-003     9.3604466091399777E-003     2.0994599496976488E-003     2.0000000000000000E+001     0.0000000000000000E+000     1.4000000000000005E+001     5.9595270502277157E-004     5.5994040472949758E+000     6.8832212216240682E-002     2.0163170936732071E-002     1.8720893218279933E-001     4.1989198993953002E-002     0.0000000000000000E+000     0.0000000000000000E+000     0.0000000000000000E+000     0.0000000000000000E+000     0.0000000000000000E+000     0.0000000000000000E+000     1.9996645441397220E+001     4.1371051035663123E+002     1.9995709778494916E+001     4.1336408536642114E+002     1.8934079729364976E+007     1.0205932753151376E+003     9.0238857134355400E+006     1.5253482512375543E-022     1.5253482512375543E-022     0.0000000000000000E+000     6.1024069905893887E-024     5.0000000000000000E+001     1.0000000000000000E+003 

                          1                           2                           3                           4                           5                           6 
                       zone                           q                        logR                        logT                      logRho                        logP 
                          1     1.0000000000000000E+000     2.6181504185869522E+000     3.5389633115957224E+000    -8.3607472294977239E+000     2.9817072937653433E+000 
                          2     9.9999999999900002E-001     2.6181504185738667E+000     3.5389633282094932E+000    -8.3607470291396204E+000     2.9817072937903699E+000 
                          3     9.9999999995138100E-001     2.6181504179507491E+000     3.5389633688895987E+000    -8.3607475775026749E+000     2.9817072938516493E+000 
                          4     9.9999999987995236E-001     2.6181504170160750E+000     3.5389634177056557E+000    -8.3607472431055267E+000     2.9817072939251856E+000 
                          5     9.9999999980852372E-001     2.6181504160813982E+000     3.5389634746577263E+000    -8.3607473291220984E+000     2.9817073457634176E+000 
                          6     9.9999999971328557E-001     2.6181504148351644E+000     3.5389635397460357E+000    -8.3607457681062627E+000     2.9817092607017259E+000 
                          7     9.9999999961804742E-001     2.6181504135889373E+000     3.5389636373788154E+000    -8.3607454536830943E+000     2.9817092608487994E+000 
                          8     9.9999999942757112E-001     2.6181504110964795E+000     3.5389637675562300E+000    -8.3607439563051980E+000     2.9817117451619937E+000 
                          9     9.9999999923709482E-001     2.6181504086040293E+000     3.5389639628228013E+000    -8.3607436485898781E+000     2.9817123406091945E+000 
                         10     9.9999999885614221E-001     2.6181504036191368E+000     3.5389642231793075E+000    -8.3607418074720670E+000     2.9817139194507978E+000 
                         11     9.9999999847518961E-001     2.6181503986342611E+000     3.5389646137169519E+000    -8.3607382639228476E+000     2.9817178273482869E+000 
                         12     9.9999999771328452E-001     2.6181503886645960E+000     3.5389651344384356E+000    -8.3607350206181703E+000     2.9817217871943256E+000 
                         13     9.9999999695137942E-001     2.6181503786950038E+000     3.5389659155294271E+000    -8.3607294305492843E+000     2.9817276622728515E+000 
                         14     9.9999999542756923E-001     2.6181503587560755E+000     3.5389669570097864E+000    -8.3607220870310783E+000     2.9817363582516037E+000 
                         15     9.9999999390375904E-001     2.6181503388174803E+000     3.5389685192638929E+000    -8.3607116641394548E+000     2.9817478755228253E+000 
                         16     9.9999999085613855E-001     2.6181502989412406E+000     3.5389706023668976E+000    -8.3606959665498586E+000     2.9817668718063031E+000 
                         17     9.9999998780851806E-001     2.6181502590664310E+000     3.5389737271546649E+000    -8.3606746222615200E+000     2.9817907602646176E+000 
                         18     9.9999998171327709E-001     2.6181501793206969E+000     3.5389778939180374E+000    -8.3606460900544040E+000     2.9818229306831769E+000 
                         19     9.9999997561803611E-001     2.6181500995801592E+000     3.5389841446216597E+000    -8.3606017579483822E+000     2.9818740715109517E+000 
                         20     9.9999996342755415E-001     2.6181499401152264E+000     3.5389924803999899E+000    -8.3605432071898527E+000     2.9819411552323558E+000 
                         21     9.9999995123707219E-001     2.6181497806716179E+000     3.5390049862476980E+000    -8.3604561590809165E+000     2.9820402799986341E+000 
                         22     9.9999992685610828E-001     2.6181494618477834E+000     3.5390216667468857E+000    -8.3603415091484070E+000     2.9821727396298936E+000 
                         23     9.9999990247514436E-001     2.6181491431074035E+000     3.5390466962142977E+000    -8.3601668716281452E+000     2.9823734733188783E+000 
                         24     9.9999985371321654E-001     2.6181485058808276E+000     3.5390800932182005E+000    -8.3599356040193129E+000     2.9826383926582838E+000 
                         25     9.9999980495128871E-001     2.6181478689906919E+000     3.5391302238146212E+000    -8.3595877920653585E+000     2.9830375830846134E+000 
                         26     9.9999970742743316E-001     2.6181465962217429E+000     3.5391971620936800E+000    -8.3591246758457736E+000     2.9835686641298627E+000 
                         27     9.9999960990357761E-001     2.6181453247981339E+000     3.5392977101817276E+000    -8.3584305342527685E+000     2.9843647426202939E+000 
                         28     9.9999941485586652E-001     2.6181427859785451E+000     3.5394321652945457E+000    -8.3575104546134504E+000     2.9854221964585408E+000 
                         29     9.9999921980815543E-001     2.6181402524875255E+000     3.5396344136594018E+000    -8.3561333478935822E+000     2.9870064119030468E+000 
                         30     9.9999882971273324E-001     2.6181352014146384E+000     3.5399056561811872E+000    -8.3543077451776693E+000     2.9891081275438967E+000 
                         31     9.9999843961731105E-001     2.6181301713547693E+000     3.5403148051858429E+000    -8.3515913172207394E+000     2.9922431101664175E+000 
                         32     9.9999765942646668E-001     2.6181201734438284E+000     3.5408667496305171E+000    -8.3480108402656779E+000     2.9963857512539311E+000 
                         33     9.9999687923562230E-001     2.6181102569382957E+000     3.5417040185772493E+000    -8.3427222000928385E+000     3.0025283136683392E+000 
                         34     9.9999531885393356E-001     2.6180906619828215E+000     3.5428468798304213E+000    -8.3358294269138291E+000     3.0105870449237164E+000 
                         35     9.9999375847224481E-001     2.6180713729774641E+000     3.5446115911944363E+000    -8.3257366789306584E+000     3.0224814954858483E+000 
                         36     9.9999060746705315E-001     2.6180333083670857E+000     3.5470874035189182E+000    -8.3128460319229163E+000     3.0379020640522332E+000 
                         37     9.9998745646186149E-001     2.6179963474039019E+000     3.5509997788822205E+000    -8.2945457552957915E+000     3.0601993851680427E+000 
                         38     9.9998109365862475E-001     2.6179247651795268E+000     3.5567905693232205E+000    -8.2721696764723713E+000     3.0884862737739840E+000 
                         39     9.9997466985472450E-001     2.6178560926136183E+000     3.5632183236048927E+000    -8.2518951664435143E+000     3.1153070914333827E+000 
                         40     9.9996818491271910E-001     2.6177898976590877E+000     3.5703685470171900E+000    -8.2336505399275435E+000     3.1408143100974519E+000 
                         41     9.9996163881608058E-001     2.6177257985462270E+000     3.5763554675287859E+000    -8.2213764687926592E+000     3.1591569004085494E+000 
                         42     9.9995833523491273E-001     2.6176943410716254E+000     3.5826971525505438E+000    -8.2100278254052643E+000     3.1769219141028913E+000 
                         43     9.9995169759805447E-001     2.6176327463787565E+000     3.5898119268522297E+000    -8.2000870279240683E+000     3.1940487042693393E+000 
                         44     9.9994836354236405E-001     2.6176024981725847E+000     3.5948193863780658E+000    -8.1939987459270682E+000     3.2051891201255729E+000 
                         45     9.9994499904588341E-001     2.6175723924467742E+000     3.6000745684844628E+000    -8.1883815383377136E+000     3.2161019924079901E+000 
                         46     9.9994163454940277E-001     2.6175426674620264E+000     3.6055353000123844E+000    -8.1831850236371384E+000     3.2267994764266872E+000 
                         47     9.9993823960200434E-001     2.6175130241210498E+000     3.6111476342908211E+000    -8.1783448772491187E+000     3.2372873146584364E+000 
                         48     9.9993484465460591E-001     2.6174837033457750E+000     3.6168560324391867E+000    -8.1737980399931800E+000     3.2475763124069439E+000 
                         49     9.9993141917768236E-001     2.6174544210911237E+000     3.6226139814923783E+000    -8.1694850218402806E+000     3.2576751862073232E+000 
                         50     9.9992799370075880E-001     2.6174254223652582E+000     3.6283856225077420E+000    -8.1653673697985703E+000     3.2675894549559814E+000 
                         51     9.9992453757393129E-001     2.6173964344575871E+000     3.6341436011945794E+000    -8.1614077914348719E+000     3.2773284756732375E+000 
                         52     9.9992108144710379E-001     2.6173677039122984E+000     3.6398601244588593E+000    -8.1575754744812965E+000     3.2868982867945808E+000 
                         53     9.9991759449363393E-001     2.6173389660648301E+000     3.6455048917532373E+000    -8.1538336332803656E+000     3.2963055105757815E+000 
                         54     9.9991410754016408E-001     2.6173104691236255E+000     3.6510479105475984E+000    -8.1501440482856431E+000     3.3055565037154242E+000 
                         55     9.9991058955180789E-001     2.6172819561559493E+000     3.6564624340915404E+000    -8.1464728929871981E+000     3.3146552416860429E+000 
                         56     9.9990707156345171E-001     2.6172536776504405E+000     3.6617324840368530E+000    -8.1427948186806205E+000     3.3236107869496450E+000 
                         57     9.9990352229655954E-001     2.6172253827936842E+000     3.6668529472862068E+000    -8.1391013189915178E+000     3.3324240714973010E+000 
                         58     9.9989997302966738E-001     2.6171973220915752E+000     3.6718288065882430E+000    -8.1353964478425329E+000     3.3411031113954315E+000 
                         59     9.9989639223388727E-001     2.6171692471564922E+000     3.6766700367948486E+000    -8.1316877868154744E+000     3.3496516400948626E+000 
                         60     9.9989281143810715E-001     2.6171414055702868E+000     3.6813923589869497E+000    -8.1279924799545871E+000     3.3580734582141130E+000 
                         61     9.9988919883662664E-001     2.6171135493160862E+000     3.6860157649715211E+000    -8.1243252501896404E+000     3.3663738285693086E+000 
                         62     9.9988558623514612E-001     2.6170859219989815E+000     3.6905664159778202E+000    -8.1207063131833070E+000     3.3745573347056288E+000 
                         63     9.9988194153716814E-001     2.6170582752431550E+000     3.6950749146934077E+000    -8.1171617612985223E+000     3.3826260416169953E+000 
                         64     9.9987829683919016E-001     2.6170308479949957E+000     3.6995778084228661E+000    -8.1137233773646660E+000     3.3905822434125441E+000 
                         65     9.9987461975758618E-001     2.6170033900581284E+000     3.7041182952805802E+000    -8.1104263272656567E+000     3.3984351157154609E+000 
                         66     9.9987094267598220E-001     2.6169761346354123E+000     3.7087432471292647E+000    -8.1073189579731721E+000     3.4061825763219766E+000 
                         67     9.9986723291179536E-001     2.6169488278591269E+000     3.7135014241759121E+000    -8.1044481806436899E+000     3.4138280724239118E+000 
                         68     9.9986352314760851E-001     2.6169216958900710E+000     3.7184421192551742E+000    -8.1018592254991209E+000     3.4213783290647060E+000 
                         69     9.9985978039216816E-001     2.6168944802203788E+000     3.7236195578155176E+000    -8.0996055637287014E+000     3.4288334844072073E+000 
                         70     9.9985603763672781E-001     2.6168674003359240E+000     3.7290898824294496E+000    -8.0977408741786903E+000     3.4361957795823579E+000 
                         71     9.9985226158318730E-001     2.6168401914823356E+000     3.7349213449574319E+000    -8.0963305355493560E+000     3.4434709178331482E+000 
                         72     9.9984848552964678E-001     2.6168130657540618E+000     3.7411983889065628E+000    -8.0954610336753063E+000     3.4506580592288083E+000 
                         73     9.9984467587046133E-001     2.6167857482163308E+000     3.7480416394875360E+000    -8.0952512932373430E+000     3.4577626170501912E+000 
                         74     9.9984086621127588E-001     2.6167584387161500E+000     3.7556142738573559E+000    -8.0958722825216807E+000     3.4647831216706519E+000 
                         75     9.9983702263368368E-001     2.6167308414139754E+000     3.7641575127871891E+000    -8.0975696750740909E+000     3.4717254194373557E+000 
                         76     9.9983317905609148E-001     2.6167031307467257E+000     3.7715135779593263E+000    -8.0998806536452808E+000     3.4768769882450750E+000 
                         77     9.9983124014955260E-001     2.6166890753912493E+000     3.7768000466595257E+000    -8.1018378095031256E+000     3.4802970801844539E+000 
                         78     9.9982930124301372E-001     2.6166749551780790E+000     3.7824938088963056E+000    -8.1042471985169353E+000     3.4836912415859653E+000 
                         79     9.9982736233647485E-001     2.6166607550218441E+000     3.7885900371529111E+000    -8.1071046052663185E+000     3.4870618034821277E+000 
                         80     9.9982542342993597E-001     2.6166464597218830E+000     3.7950472166382401E+000    -8.1103712571595619E+000     3.4904191795863806E+000 
                         81     9.9982346724642590E-001     2.6166319267014106E+000     3.8017268017941088E+000    -8.1139153718440902E+000     3.4937668710522174E+000 
                         82     9.9982151106291584E-001     2.6166172731200521E+000     3.8084181334801661E+000    -8.1175348325860313E+000     3.4970886080701891E+000 
                         83     9.9981955487940577E-001     2.6166024954016134E+000     3.8149571975626002E+000    -8.1210625864871417E+000     3.5003867777867050E+000 
                         84     9.9981759869589570E-001     2.6165875956284137E+000     3.8212561831733693E+000    -8.1243961903147124E+000     3.5036745022656124E+000 
                         85     9.9981562507634503E-001     2.6165724456441670E+000     3.8272457849318751E+000    -8.1274665229584588E+000     3.5069527323290988E+000 
                         86     9.9981365145679435E-001     2.6165571865719852E+000     3.8328728162731518E+000    -8.1302319389316207E+000     3.5102054061994745E+000 
                         87     9.9981167783724367E-001     2.6165418284020290E+000     3.8381387384743526E+000    -8.1326852487965962E+000     3.5134347928597145E+000 
                         88     9.9980970421769300E-001     2.6165263815855528E+000     3.8455400127755692E+000    -8.1359426379223940E+000     3.5182665872686365E+000 
                         89     9.9980572178800875E-001     2.6164949727861178E+000     3.8520687666748294E+000    -8.1384002540616791E+000     3.5230580376563636E+000 
                         90     9.9980373057316663E-001     2.6164791766901070E+000     3.8561426520007185E+000    -8.1398159241125061E+000     3.5262226262504486E+000 
                         91     9.9980173935832450E-001     2.6164633272872972E+000     3.8619070035807188E+000    -8.1416474157868954E+000     3.5309568013478811E+000 
                         92     9.9979772141639278E-001     2.6164312053384418E+000     3.8687761691941027E+000    -8.1433708268499849E+000     3.5372113613810012E+000 
                         93     9.9979370347446106E-001     2.6163989484950649E+000     3.8749733577212124E+000    -8.1445310057506504E+000     3.5434031574256020E+000 
                         94     9.9978964969400452E-001     2.6163663095617675E+000     3.8806086983177295E+000    -8.1452209817858314E+000     3.5495398131700791E+000 
                         95     9.9978559591354799E-001     2.6163336113547966E+000     3.8857723422080581E+000    -8.1455345998358073E+000     3.5556176347507318E+000 
                         96     9.9978150596498894E-001     2.6163005900859653E+000     3.8905317174724408E+000    -8.1455262173592367E+000     3.5616414692657545E+000 
                         97     9.9977741601642989E-001     2.6162675619207385E+000     3.8971420468397611E+000    -8.1451598134081884E+000     3.5705768083934410E+000 
                         98     9.9976916312022113E-001     2.6162009493736385E+000     3.9048325880047128E+000    -8.1437528935699248E+000     3.5823024113295188E+000 
                         99     9.9976083656223680E-001     2.6161339287140466E+000     3.9116467548115463E+000    -8.1417237315530375E+000     3.5938302640383264E+000 
                        100     9.9975243567780203E-001     2.6160665937598915E+000     3.9177616877203767E+000    -8.1392043223825237E+000     3.6051641051038494E+000 
                        101     9.9974395979884378E-001     2.6159990191947733E+000     3.9260884993363612E+000    -8.1349999057981517E+000     3.6218564677179845E+000 
                        102     9.9972678035504781E-001     2.6158632790975931E+000     3.9354360238162420E+000    -8.1281386044649100E+000     3.6434646319236150E+000 
                        103     9.9970929276725695E-001     2.6157271423162398E+000     3.9435302343782177E+000    -8.1205721661614234E+000     3.6644323905112275E+000 
                        104     9.9969149149315784E-001     2.6155908288079921E+000     3.9506830153235439E+000    -8.1125452321351634E+000     3.6848121964024787E+000 
                        105     9.9967337091955610E-001     2.6154544829956445E+000     3.9571055257013099E+000    -8.1042284152960526E+000     3.7046424678635312E+000 
                        106     9.9965492535237765E-001     2.6153181961284013E+000     3.9629474898516324E+000    -8.0957137171533020E+000     3.7239642312475918E+000 
                        107     9.9963614900843711E-001     2.6151820306527935E+000     3.9683187577875523E+000    -8.0870786642301713E+000     3.7428079640472127E+000 
                        108     9.9961703601146668E-001     2.6150460246832958E+000     3.9733023341658940E+000    -8.0783813670522395E+000     3.7612080441751177E+000 
                        109     9.9959758039305735E-001     2.6149101981329053E+000     3.9779620880772599E+000    -8.0696709330685525E+000     3.7791913611725634E+000 
                        110     9.9957777609124776E-001     2.6147745555855582E+000     3.9823478382605866E+000    -8.0609845523815835E+000     3.7967841226957875E+000 
                        111     9.9955761695019041E-001     2.6146390900849905E+000     3.9864992205172172E+000    -8.0523470394865360E+000     3.8140117401300544E+000 
                        112     9.9953709671656465E-001     2.6145037870235242E+000     3.9904485338068678E+000    -8.0437735105339829E+000     3.8308916887885887E+000 
                        113     9.9951620903672245E-001     2.6143686271769768E+000     3.9942221417216994E+000    -8.0352769709051888E+000     3.8474451319092466E+000 
                        114     9.9949494745289325E-001     2.6142335873537279E+000     3.9978420662032925E+000    -8.0268672465275124E+000     3.8636896653485504E+000 
                        115     9.9947330540031254E-001     2.6140986413742358E+000     4.0013267863626059E+000    -8.0185426357094265E+000     3.8796454672970593E+000 
                        116     9.9945127620617491E-001     2.6139637636476571E+000     4.0046915928443392E+000    -8.0103096661601203E+000     3.8953211649938444E+000 
                        117     9.9942885308783114E-001     2.6138289265988477E+000     4.0079498457207441E+000    -8.0021570675175830E+000     3.9107350580238176E+000 
                        118     9.9940602915152599E-001     2.6136941061825869E+000     4.0111128449530797E+000    -7.9940841248248775E+000     3.9259008758780349E+000 
                        119     9.9938279739071689E-001     2.6135592785918886E+000     4.0141902746193816E+000    -7.9860887659285567E+000     3.9408303638667910E+000 
                        120     9.9935915068386749E-001     2.6134244206637676E+000     4.0171905411335587E+000    -7.9781718659239482E+000     3.9555357130653404E+000 
                        121     9.9933508179195718E-001     2.6132895089476267E+000     4.0201209064510905E+000    -7.9703352958028058E+000     3.9700263630410304E+000 
                        122     9.9931058335635226E-001     2.6131545193805579E+000     4.0229876106710254E+000    -7.9625842799246964E+000     3.9843128222782673E+000 
                        123     9.9928564789601459E-001     2.6130194262237123E+000     4.0257963167693438E+000    -7.9549211866940235E+000     3.9984038360625016E+000 
                        124     9.9926026780538257E-001     2.6128842029299695E+000     4.0285519551263391E+000    -7.9473509656214150E+000     4.0123056104244901E+000 
                        125     9.9923443535207268E-001     2.6127488213179859E+000     4.0312590806058415E+000    -7.9398695400781394E+000     4.0260316738111603E+000 
                        126     9.9920814267494740E-001     2.6126132543654843E+000     4.0339216633902533E+000    -7.9324800812497323E+000     4.0395858444073589E+000 
                        127     9.9918138178200910E-001     2.6124774739329393E+000     4.0365433371198947E+000    -7.9251802301917040E+000     4.0529756510941546E+000 
                        128     9.9915414454802221E-001     2.6123414524702295E+000     4.0391276574377937E+000    -7.9179652624833894E+000     4.0662085179739398E+000 
                        129     9.9912642271247476E-001     2.6122051637481496E+000     4.0416778527875703E+000    -7.9108308538278491E+000     4.0792921226151169E+000 
                        130     9.9909820787711023E-001     2.6120685827277961E+000     4.0441968609809065E+000    -7.9037708209107276E+000     4.0922315063284032E+000 
                        131     9.9906949150385471E-001     2.6119316861456219E+000     4.0479606673396722E+000    -7.8933351086509278E+000     4.1114579245647205E+000 
                        132     9.9901051927803719E-001     2.6116568382658589E+000     4.0528437946970630E+000    -7.8796047466262200E+000     4.1365333091255287E+000 
                        133     9.9894943484359988E-001     2.6113804803719374E+000     4.0576445554374772E+000    -7.8660920036721818E+000     4.1611233862218970E+000 
                        134     9.9888616461411417E-001     2.6111024709376305E+000     4.0623786589481252E+000    -7.8527726947572924E+000     4.1852662608821669E+000 
                        135     9.9882063252235997E-001     2.6108226813528437E+000     4.0670601677585951E+000    -7.8396488731092502E+000     4.2089882984329270E+000 
                        136     9.9875275993329848E-001     2.6105409790842891E+000     4.0717025106286071E+000    -7.8267217213944527E+000     4.2323212231605281E+000 
                        137     9.9868246556418139E-001     2.6102572280239227E+000     4.0763183809837145E+000    -7.8139920921307375E+000     4.2552896770938551E+000 
                        138     9.9860966539942586E-001     2.6099712884778867E+000     4.0809206585604771E+000    -7.8014518069972567E+000     4.2779194904214792E+000 
                        139     9.9853427258861338E-001     2.6096830228789036E+000     4.0855222239611173E+000    -7.7890970882231274E+000     4.3002283352523358E+000 
                        140     9.9845619733797264E-001     2.6093922927483688E+000     4.0901363316613271E+000    -7.7769181513884202E+000     4.3222408566653518E+000 
                        141     9.9837534679893070E-001     2.6090989625822152E+000     4.0947760345927326E+000    -7.7649074068704733E+000     4.3439723008414752E+000 
                        142     9.9829162496540846E-001     2.6088028983895706E+000     4.0994545502531965E+000    -7.7530518503570942E+000     4.3654393614606875E+000 
                        143     9.9820493256414777E-001     2.6085039714090112E+000     4.1041854627835184E+000    -7.7413397238929811E+000     4.3866587887590471E+000 
                        144     9.9811516693068025E-001     2.6082020573642835E+000     4.1089831890723012E+000    -7.7297724973267687E+000     4.4076442974322916E+000 
                        145     9.9802222187790146E-001     2.6078970272743467E+000     4.1138632573578953E+000    -7.7183577394106946E+000     4.4284100814566125E+000 
                        146     9.9792598753336004E-001     2.6075887427604219E+000     4.1188431058634549E+000    -7.7071041594640013E+000     4.4489679324591638E+000 
                        147     9.9782635014343568E-001     2.6072770545780868E+000     4.1239426711894707E+000    -7.6960205654499969E+000     4.4693280737922327E+000 
                        148     9.9772319188942749E-001     2.6069618018944576E+000     4.1291845283133455E+000    -7.6851175085304124E+000     4.4895039147791085E+000 
                        149     9.9761639069151054E-001     2.6066428102990598E+000     4.1345945954832635E+000    -7.6744109496048827E+000     4.5095030777201952E+000 
                        150     9.9750581998822951E-001     2.6063198869112454E+000     4.1402021895712871E+000    -7.6639131212779876E+000     4.5293385563452313E+000 
                        151     9.9739134846600375E-001     2.6059928219365962E+000     4.1460399917228647E+000    -7.6536422665196815E+000     4.5490159177526577E+000 
                        152     9.9727283977528192E-001     2.6056613828839783E+000     4.1521449216545125E+000    -7.6436193630446345E+000     4.5685457650948464E+000 
                        153     9.9715015226079839E-001     2.6053253109793122E+000     4.1585570414520179E+000    -7.6338727037250385E+000     4.5879355293786377E+000 
                        154     9.9702313877646687E-001     2.6049843139383100E+000     4.1653187602253121E+000    -7.6244283521835721E+000     4.6071937627599633E+000 
                        155     9.9689164673629749E-001     2.6046380663506135E+000     4.1724720016005516E+000    -7.6153053179656842E+000     4.6263282680191313E+000 
                        156     9.9675551860005429E-001     2.6042862149354846E+000     4.1800528088768090E+000    -7.6065225165675594E+000     4.6453428567045618E+000 
                        157     9.9661459333673785E-001     2.6039283806233371E+000     4.1880818438474563E+000    -7.5980831541431284E+000     4.6642475738042153E+000 
                        158     9.9646870940608978E-001     2.6035641769901581E+000     4.1965453572287927E+000    -7.5899675999103948E+000     4.6830453924705333E+000 
                        159     9.9631770774986472E-001     2.6031932352646190E+000     4.2053766203254330E+000    -7.5821185401434645E+000     4.7017387725418933E+000 
                        160     9.9616143342991204E-001     2.6028152403688560E+000     4.2144477241675897E+000    -7.5744271215505004E+000     4.7203321361748642E+000 
                        161     9.9599973558224619E-001     2.6024299785074771E+000     4.2235807856632572E+000    -7.5667359396436753E+000     4.7388288209349652E+000 
                        162     9.9583246014376636E-001     2.6020373701185822E+000     4.2325877063692632E+000    -7.5588899642910645E+000     4.7572290977028180E+000 
                        163     9.9565944386874328E-001     2.6016374648316507E+000     4.2413229171043483E+000    -7.5508025411863375E+000     4.7755341230524175E+000 
                        164     9.9548051171296337E-001     2.6012303830796428E+000     4.2497112213137367E+000    -7.5424353652646943E+000     4.7937528557203617E+000 
                        165     9.9529547590459588E-001     2.6008162750743495E+000     4.2577406979979093E+000    -7.5337866443396102E+000     4.8118837477511516E+000 
                        166     9.9510413671811437E-001     2.6003952909876178E+000     4.2654455844113670E+000    -7.5249003685751781E+000     4.8299323245927024E+000 
                        167     9.9490628379297419E-001     2.5999675399674556E+000     4.2728842561085161E+000    -7.5158251474327216E+000     4.8479076108141328E+000 
                        168     9.9470169667890029E-001     2.5995330848293148E+000     4.2801225731604520E+000    -7.5066134754935687E+000     4.8658090941315892E+000 
                        169     9.9449014540367475E-001     2.5990919371118228E+000     4.2872309299636244E+000    -7.4973206684635709E+000     4.8836424513498935E+000 
                        170     9.9427139004571141E-001     2.5986440507618993E+000     4.2942798919875216E+000    -7.4880095199678145E+000     4.9014125088493845E+000 
                        171     9.9404517946365256E-001     2.5981893090070796E+000     4.3013403196653108E+000    -7.4787300388648958E+000     4.9191228326613743E+000 
                        172     9.9381125250489089E-001     2.5977275371356354E+000     4.3084809192599174E+000    -7.4695350397123645E+000     4.9367754302803766E+000 
                        173     9.9356933926701252E-001     2.5972584991197287E+000     4.3157662295067407E+000    -7.4604723102495427E+000     4.9543804041556934E+000 
                        174     9.9331916096791506E-001     2.5967818994179890E+000     4.3232491457060354E+000    -7.4515926251127613E+000     4.9719347389453850E+000 
                        175     9.9306042681811502E-001     2.5962973702943279E+000     4.3309752750045725E+000    -7.4429248501232497E+000     4.9894437199331989E+000 
                        176     9.9279283160454779E-001     2.5958044884650593E+000     4.3389868218254861E+000    -7.4345001105563853E+000     5.0069136638447258E+000 
                        177     9.9251605667243870E-001     2.5953027719813648E+000     4.3473266944137468E+000    -7.4263490248377870E+000     5.0243491599895220E+000 
                        178     9.9222977637981891E-001     2.5947916892886971E+000     4.3560272079719748E+000    -7.4185052689802173E+000     5.0417492492212643E+000 
                        179     9.9193366517223758E-001     2.5942706638058537E+000     4.3627922249954691E+000    -7.4128675528291277E+000     5.0547316076091979E+000 
                        180     9.9178182138330528E-001     2.5940062148717296E+000     4.3674180676980940E+000    -7.4091694201684311E+000     5.0634103761205687E+000 
                        181     9.9162739795749599E-001     2.5937390636048336E+000     4.3721271038395626E+000    -7.4055363803017515E+000     5.0720816099101551E+000 
                        182     9.9147035431810260E-001     2.5934691424185314E+000     4.3769124923257339E+000    -7.4019687843466730E+000     5.0807427467657593E+000 
                        183     9.9131064983550710E-001     2.5931963827507194E+000     4.3817668723035972E+000    -7.3984546522763353E+000     5.0894004103240986E+000 
                        184     9.9114824378923660E-001     2.5929207227604478E+000     4.3866820387343264E+000    -7.3949920938380966E+000     5.0980500330997183E+000 
                        185     9.9098309532011497E-001     2.5926421010476046E+000     4.3916491657346715E+000    -7.3915749930176435E+000     5.1066910810304593E+000 
                        186     9.9081516335026065E-001     2.5923604592673946E+000     4.3966600784383107E+000    -7.3881927318400127E+000     5.1153270833869851E+000 
                        187     9.9064440652013586E-001     2.5920757451160239E+000     4.4017059326644636E+000    -7.3848438083060683E+000     5.1239560841300813E+000 
                        188     9.9047078311292991E-001     2.5917879064399600E+000     4.4067789294612068E+000    -7.3815144203967389E+000     5.1325796338180529E+000 
                        189     9.9029425094999968E-001     2.5914968993330452E+000     4.4118708234379982E+000    -7.3782010260133299E+000     5.1411975018287377E+000 
                        190     9.9011476729886827E-001     2.5912026814339235E+000     4.4169745945203776E+000    -7.3748951792386874E+000     5.1498066002660332E+000 
                        191     9.8993228883303364E-001     2.5909052153246614E+000     4.4220841910977766E+000    -7.3715910317070499E+000     5.1584109912829774E+000 
                        192     9.8974677161279623E-001     2.5906044669611599E+000     4.4271936604266759E+000    -7.3682924229290085E+000     5.1670073282166209E+000 
                        193     9.8955817101667154E-001     2.5903003989596556E+000     4.4322987803320268E+000    -7.3649904684592773E+000     5.1755992362618706E+000 
                        194     9.8936644170131927E-001     2.5899929794290535E+000     4.4373947167375425E+000    -7.3616828839902650E+000     5.1841837344770516E+000 
                        195     9.8917153767034383E-001     2.5896821776467744E+000     4.4424784284488359E+000    -7.3583664337216250E+000     5.1927635358345672E+000 
                        196     9.8897341227568003E-001     2.5893679648315668E+000     4.4475467838479696E+000    -7.3550334723672117E+000     5.2013376441592793E+000 
                        197     9.8877201820950711E-001     2.5890503174741930E+000     4.4525975799055306E+000    -7.3516857658979182E+000     5.2099062163394319E+000 
                        198     9.8856730752415867E-001     2.5887292106677688E+000     4.4576285189588836E+000    -7.3483256309019387E+000     5.2184666288417008E+000 
                        199     9.8835923176848295E-001     2.5884046178604159E+000     4.4626383473815254E+000    -7.3449452741314811E+000     5.2270252076926358E+000 
                        200     9.8814774204787681E-001     2.5880765185221541E+000     4.4676253995865247E+000    -7.3415489034016757E+000     5.2355775962144637E+000 
                        201     9.8793278902116888E-001     2.5877448892361414E+000     4.4725881479915701E+000    -7.3381359294248281E+000     5.2441230751018244E+000 
                        202     9.8771432294076733E-001     2.5874097073281335E+000     4.4775256219408748E+000    -7.3347027524749988E+000     5.2526628880082322E+000 
                        203     9.8749229381366332E-001     2.5870709534872347E+000     4.4824366417973938E+000    -7.3312488819919617E+000     5.2612004614159336E+000 
                        204     9.8726665150028037E-001     2.5867286095869537E+000     4.4873199827275707E+000    -7.3277706407049044E+000     5.2697309734990725E+000 
                        205     9.8703734572963775E-001     2.5863826612639604E+000     4.4921741826120041E+000    -7.3242669398009630E+000     5.2782575654657018E+000 
                        206     9.8680432607019042E-001     2.5860330959150564E+000     4.4969977871841360E+000    -7.3207397291941314E+000     5.2867776920237164E+000 
                        207     9.8656754212837883E-001     2.5856799005568925E+000     4.5017892764752219E+000    -7.3171849929739823E+000     5.2952937038055374E+000 
                        208     9.8632694384199548E-001     2.5853230670930283E+000     4.5065470542475392E+000    -7.3136039115015725E+000     5.3038031325396817E+000 
                        209     9.8608248169609647E-001     2.5849625884412508E+000     4.5112693474976631E+000    -7.3099933585074259E+000     5.3123081398279348E+000 
                        210     9.8583410667169624E-001     2.5845984620093128E+000     4.5159539305821621E+000    -7.3063527291563295E+000     5.3208084989986926E+000 
                        211     9.8558177011645998E-001     2.5842306874594856E+000     4.5205986703284005E+000    -7.3026806492138148E+000     5.3293043316070925E+000 
                        212     9.8532542391208566E-001     2.5838592676154852E+000     4.5275366197410749E+000    -7.2971206151113188E+000     5.3420727331755877E+000 
                        213     9.8480051542687475E-001     2.5831054796295692E+000     4.5365495698010241E+000    -7.2895477298741023E+000     5.3590248622124870E+000 
                        214     9.8425902075263805E-001     2.5823372874640871E+000     4.5453469808130587E+000    -7.2818010950056280E+000     5.3759538477952793E+000 
                        215     9.8370059318809211E-001     2.5815549002461959E+000     4.5538988091226740E+000    -7.2738530845752285E+000     5.3928525943547827E+000 
                        216     9.8312489380836121E-001     2.5807586113760559E+000     4.5621756150411317E+000    -7.2656791383735397E+000     5.4097200684863456E+000 
                        217     9.8253159026519354E-001     2.5799487941322607E+000     4.5701519701263384E+000    -7.2572578049353318E+000     5.4265530695315363E+000 
                        218     9.8192034048259036E-001     2.5791258761608704E+000     4.5778076907375151E+000    -7.2485721959679577E+000     5.4433517525686206E+000 
                        219     9.8129077880556359E-001     2.5782903150776630E+000     4.5851331367649593E+000    -7.2396109472091217E+000     5.4601147512765529E+000 
                        220     9.8064250769064709E-001     2.5774425797733640E+000     4.5921275910786656E+000    -7.2303787935235722E+000     5.4768399280663020E+000 
                        221     9.7997509371771763E-001     2.5765831161083321E+000     4.5988012122794357E+000    -7.2208856997951756E+000     5.4935286151253004E+000 
                        222     9.7928806563738535E-001     2.5757123350555999E+000     4.6051699547522382E+000    -7.2111452167074663E+000     5.5101798302843843E+000 
                        223     9.7858091266382030E-001     2.5748306040291200E+000     4.6112561076056489E+000    -7.2011763578227983E+000     5.5267988895375524E+000 
                        224     9.7785308793294956E-001     2.5739382404713078E+000     4.6170844558431972E+000    -7.1910026165526491E+000     5.5433844832515975E+000 
                        225     9.7710401326498508E-001     2.5730355081028065E+000     4.6226826667668552E+000    -7.1806458956561281E+000     5.5599407164127594E+000 
                        226     9.7633308159815502E-001     2.5721226222430364E+000     4.6280763702179843E+000    -7.1701321394792927E+000     5.5764669835067053E+000 
                        227     9.7553965777859364E-001     2.5711997412373861E+000     4.6332917762269021E+000    -7.1594782683497407E+000     5.5929676806745867E+000 
                        228     9.7472308011707776E-001     2.5702669863459149E+000     4.6383539470080448E+000    -7.1487080891971706E+000     5.6094439701014034E+000 
                        229     9.7388266123962952E-001     2.5693244271929725E+000     4.6432871392147632E+000    -7.1378395259580527E+000     5.6258996535435637E+000 
                        230     9.7301769184261022E-001     2.5683720975288722E+000     4.6481138924520691E+000    -7.1268923424923889E+000     5.6423346347991048E+000 
                        231     9.7212744397075579E-001     2.5674099936512627E+000     4.6528544889009789E+000    -7.1158797489937538E+000     5.6587543624521288E+000 
                        232     9.7121116998526835E-001     2.5664380864859244E+000     4.6575269237602290E+000    -7.1048177463686502E+000     5.6751564457047028E+000 
                        233     9.7026810093375537E-001     2.5654563127210936E+000     4.6621484036798568E+000    -7.0937178647498254E+000     5.6915470190517716E+000 
                        234     9.6929744533999740E-001     2.5644645827268659E+000     4.6667340527602397E+000    -7.0825955495495156E+000     5.7079233096635029E+000 
                        235     9.6829838856212735E-001     2.5634627702449624E+000     4.6712987057429798E+000    -7.0714616144035043E+000     5.7242884658765574E+000 
                        236     9.6727009111677109E-001     2.5624507204874396E+000     4.6758564188248908E+000    -7.0603279320428820E+000     5.7406456893570752E+000 
                        237     9.6621168658654000E-001     2.5614282450462862E+000     4.6804205905705700E+000    -7.0492058789780705E+000     5.7569943498536720E+000 
                        238     9.6512228002017530E-001     2.5603951209013616E+000     4.6850049845531530E+000    -7.0381031940845320E+000     5.7733375145634414E+000 
                        239     9.6400094990459728E-001     2.5593511004131311E+000     4.6896216627513327E+000    -7.0270347429012929E+000     5.7896741713829920E+000 
                        240     9.6284674912018675E-001     2.5582958943722773E+000     4.6942837411503042E+000    -7.0160039101249074E+000     5.8060101569059572E+000 
                        241     9.6165870406880505E-001     2.5572291980122612E+000     4.6990015416837867E+000    -7.0050228468435245E+000     5.8223413674856710E+000 
                        242     9.6043581374159526E-001     2.5561506681672128E+000     4.7037859012490539E+000    -6.9940969708843417E+000     5.8386753050896552E+000 
                        243     9.5917704905127044E-001     2.5550599383130645E+000     4.7086467963130278E+000    -6.9832320505816918E+000     5.8550084088940242E+000 
                        244     9.5788135276187425E-001     2.5539566170297943E+000     4.7135925033215171E+000    -6.9724395772087702E+000     5.8713430118605796E+000 
                        245     9.5654763980328283E-001     2.5528402727490911E+000     4.7186323206464875E+000    -6.9617217555490729E+000     5.8876816934359955E+000 
                        246     9.5517479849548992E-001     2.5517104572948193E+000     4.7237722433784572E+000    -6.9510867714387023E+000     5.9040238349054279E+000 
                        247     9.5376169252244869E-001     2.5505666910752161E+000     4.7290176251178941E+000    -6.9405397242243554E+000     5.9203720398290471E+000 
                        248     9.5230716309425423E-001     2.5494084713712919E+000     4.7343737560834933E+000    -6.9300813834518697E+000     5.9367262370731906E+000 
                        249     9.5081003318908297E-001     2.5482352859463275E+000     4.7398413175387484E+000    -6.9197151573700397E+000     5.9530847402264815E+000 
                        250     9.4926911309553219E-001     2.5470466090335915E+000     4.7454216579485893E+000    -6.9094375482877135E+000     5.9694520854996931E+000 
                        251     9.4768320148987428E-001     2.5458419196202273E+000     4.7511121960396325E+000    -6.8992453754142575E+000     5.9858277571354499E+000 
                        252     9.4605108581523045E-001     2.5446207001828922E+000     4.7569092657609522E+000    -6.8891381094963444E+000     6.0022117124068028E+000 
                        253     9.4437154700741333E-001     2.5433824319114855E+000     4.7628068459663222E+000    -6.8791108404026096E+000     6.0186044840948192E+000 
                        254     9.4264336388490655E-001     2.5421266093223993E+000     4.7687975809678642E+000    -6.8691535964535344E+000     6.0350049012106144E+000 
                        255     9.4086530970371163E-001     2.5408527520866282E+000     4.7748723401474820E+000    -6.8592654402497919E+000     6.0514109305700279E+000 
                        256     9.3903615207052393E-001     2.5395603785690000E+000     4.7810221004833435E+000    -6.8494335229196057E+000     6.0678245964600395E+000 
                        257     9.3715465454839464E-001     2.5382490420004040E+000     4.7872372622719457E+000    -6.8396508318343319E+000     6.0842466050125115E+000 
                        258     9.3521957386604704E-001     2.5369183119515384E+000     4.7935067651950076E+000    -6.8299103530591623E+000     6.1006729116956917E+000 
                        259     9.3322965697923543E-001     2.5355677727243378E+000     4.7998215793203576E+000    -6.8202021735764360E+000     6.1171055244972141E+000 
                        260     9.3118364007212928E-001     2.5341970324411451E+000     4.8061719260282256E+000    -6.8105190968855611E+000     6.1335442302680088E+000 
                        261     9.2908024498759056E-001     2.5328057132489450E+000     4.8125496000469781E+000    -6.8008547271828954E+000     6.1499902373625117E+000 
                        262     9.2691817472656901E-001     2.5313934466669332E+000     4.8189459685428959E+000    -6.7912037844856865E+000     6.1664352551958199E+000 
                        263     9.2469610989209217E-001     2.5299598685004718E+000     4.8253548379744347E+000    -6.7815609167402382E+000     6.1828881250378984E+000 
                        264     9.2241270741957793E-001     2.5285046190694875E+000     4.8317707109452863E+000    -6.7719180498290621E+000     6.1993411888311227E+000 
                        265     9.2006660094499049E-001     2.5270273536259231E+000     4.8381890704580588E+000    -6.7622742314938042E+000     6.2157986848885214E+000 
                        266     9.1765639865819781E-001     2.5255277178555535E+000     4.8446058762532873E+000    -6.7526256237300464E+000     6.2322586139922151E+000 
                        267     9.1518068298163069E-001     2.5240053577648625E+000     4.8510183437071106E+000    -6.7429701708100804E+000     6.2487229108381426E+000 
                        268     9.1263801439480763E-001     2.5224599162676244E+000     4.8574229779632061E+000    -6.7333093949297602E+000     6.2651874328259565E+000 
                        269     9.1002693243115196E-001     2.5208910208914945E+000     4.8638192159442237E+000    -6.7236361868639998E+000     6.2816562209065259E+000 
                        270     9.0734595613617353E-001     2.5192983150202815E+000     4.8702029676905703E+000    -6.7139522698618217E+000     6.2981264815222229E+000 
                        271     9.0459358646088939E-001     2.5176814276184647E+000     4.8765751121291085E+000    -6.7042524161147972E+000     6.3146013781395594E+000 
                        272     9.0176830675079733E-001     2.5160399989483091E+000     4.8829317003548978E+000    -6.6945385592029494E+000     6.3310740076139780E+000 
                        273     8.9886858204530518E-001     2.5143736533976320E+000     4.8892732131518812E+000    -6.6848102381556762E+000     6.3475505235749292E+000 
                        274     8.9589285981097122E-001     2.5126820082038415E+000     4.8955985052327673E+000    -6.6750646541558574E+000     6.3640315328886894E+000 
                        275     8.9283957010363701E-001     2.5109646823829133E+000     4.9019053447969458E+000    -6.6653059921740105E+000     6.3805118852369445E+000 
                        276     8.8970712617646042E-001     2.5092212690600282E+000     4.9081945554141342E+000    -6.6555266109458122E+000     6.3969948686044544E+000 
                        277     8.8649392422078921E-001     2.5074513819488025E+000     4.9144639998729689E+000    -6.6457317375706175E+000     6.4134801760397986E+000 
                        278     8.8319834347678905E-001     2.5056546034462635E+000     4.9207139682648107E+000    -6.6359172331900904E+000     6.4299665215641397E+000 
                        279     8.7981874584738828E-001     2.5038305217578043E+000     4.9269442891436359E+000    -6.6260859171222757E+000     6.4464551573426148E+000 
                        280     8.7635347670740216E-001     2.5019787020327664E+000     4.9331538877272552E+000    -6.6162360585328779E+000     6.4629457737002056E+000 
                        281     8.7280086446965566E-001     2.5000987043280487E+000     4.9393433127318760E+000    -6.6063658676381580E+000     6.4794385993360493E+000 
                        282     8.6915922118957123E-001     2.4981900839516484E+000     4.9455119241272856E+000    -6.5964789519148397E+000     6.4959293502103428E+000 
                        283     8.6542684244816392E-001     2.4962523669267229E+000     4.9516602241948311E+000    -6.5865698215365480E+000     6.5124242551071259E+000 
                        284     8.6160200683984312E-001     2.4942850891594501E+000     4.9577881101542491E+000    -6.5766438868859485E+000     6.5289211916579095E+000 
                        285     8.5768297558196971E-001     2.4922877467192146E+000     4.9638967829458718E+000    -6.5666974343210542E+000     6.5454208623416115E+000 
                        286     8.5366799271953941E-001     2.4902598360530233E+000     4.9699850519439783E+000    -6.5567376223289751E+000     6.5619205368693736E+000 
                        287     8.4955528688649884E-001     2.4882008032568810E+000     4.9760542346665231E+000    -6.5467591192257633E+000     6.5784242328306952E+000 
                        288     8.4534307224766558E-001     2.4861101014459166E+000     4.9821048240104568E+000    -6.5367640580603652E+000     6.5949286908862472E+000 
                        289     8.4102955052695827E-001     2.4839871557543014E+000     4.9881372386129001E+000    -6.5267506557254205E+000     6.6114348589241700E+000 
                        290     8.3661291292748208E-001     2.4818313818213484E+000     4.9941520831857549E+000    -6.5167193274298674E+000     6.6279427491094172E+000 
                        291     8.3209134308345423E-001     2.4796421754097371E+000     5.0001489929821306E+000    -6.5066722779428661E+000     6.6444538175541243E+000 
                        292     8.2746301782202214E-001     2.4774189019679160E+000     5.0061298386134379E+000    -6.4966100694015960E+000     6.6609681242231167E+000 
                        293     8.2272611120899963E-001     2.4751609047940915E+000     5.0120935880934745E+000    -6.4865341982461073E+000     6.6774828286551271E+000 
                        294     8.1787879753364534E-001     2.4728674996157922E+000     5.0180415634489677E+000    -6.4764430154817179E+000     6.6940031903332109E+000 
                        295     8.1291925433797618E-001     2.4705379906520539E+000     5.0239731623705826E+000    -6.4663398321562875E+000     6.7105220384278557E+000 
                        296     8.0784566408713099E-001     2.4681716429901730E+000     5.0298882292236531E+000    -6.4562211298600634E+000     6.7270447106308957E+000 
                        297     8.0265621324555547E-001     2.4657677168668206E+000     5.0357882470102115E+000    -6.4460858444541440E+000     6.7435699957197928E+000 
                        298     7.9734909199665527E-001     2.4633254531165565E+000     5.0416726194431289E+000    -6.4359338666890400E+000     6.7600987915600887E+000 
                        299     7.9192249586892560E-001     2.4608440667874865E+000     5.0475410738503212E+000    -6.4257685684726917E+000     6.7766286276361853E+000 
                        300     7.8637462894361998E-001     2.4583227260566480E+000     5.0533936356799991E+000    -6.4155883488539072E+000     6.7931600157822167E+000 
                        301     7.8070370394564037E-001     2.4557605778811187E+000     5.0592311770565273E+000    -6.4053933209511555E+000     6.8096967813498566E+000 
                        302     7.7490794526532980E-001     2.4531567372312568E+000     5.0650532499476206E+000    -6.3951856518967123E+000     6.8262334617079841E+000 
                        303     7.6898558960361707E-001     2.4505102720171155E+000     5.0708603200971689E+000    -6.3849615457380144E+000     6.8427736292122798E+000 
                        304     7.6293488536017973E-001     2.4478202361236341E+000     5.0766522812478598E+000    -6.3747243623754333E+000     6.8593151506768830E+000 
                        305     7.5675409513337222E-001     2.4450856240082661E+000     5.0824293373191773E+000    -6.3644735921823345E+000     6.8758592068221072E+000 
                        306     7.5044149722278508E-001     2.4423053913763444E+000     5.0881919468700119E+000    -6.3542099103133598E+000     6.8924063279040695E+000 
                        307     7.4399538615973637E-001     2.4394784444544477E+000     5.0939401512471294E+000    -6.3439322901482731E+000     6.9089563967024104E+000 
                        308     7.3741407468542253E-001     2.4366036481711850E+000     5.0996745502053429E+000    -6.3336420042181016E+000     6.9255089351913401E+000 
                        309     7.3069589702811633E-001     2.4336798086235620E+000     5.1053954042742209E+000    -6.3233402923184645E+000     6.9420647123333081E+000 
                        310     7.2383921269456475E-001     2.4307056700001115E+000     5.1111030706454121E+000    -6.3130260436117478E+000     6.9586209901659517E+000 
                        311     7.1684241661903014E-001     2.4276799302630292E+000     5.1167974366280289E+000    -6.3026998020648231E+000     6.9751802454867988E+000 
                        312     7.0970394398813430E-001     2.4246012272648092E+000     5.1224799199050342E+000    -6.2923597721243683E+000     6.9917437088295191E+000 
                        313     7.0242227180964312E-001     2.4214681510020482E+000     5.1281502139938935E+000    -6.2820061134670553E+000     7.0083081710160169E+000 
                        314     6.9499592155930245E-001     2.4182792259693522E+000     5.1338090294350360E+000    -6.2716419840540309E+000     7.0248768005851305E+000 
                        315     6.8742346509792229E-001     2.4150328851172667E+000     5.1394568315669860E+000    -6.2612668005032290E+000     7.0414490246994843E+000 
                        316     6.7970352464106520E-001     2.4117274900941976E+000     5.1450930833186650E+000    -6.2508835024638598E+000     7.0580233272499004E+000 
                        317     6.7183478566909605E-001     2.4083613027546154E+000     5.1492991689676471E+000    -6.2430703742456108E+000     7.0704562384502863E+000 
                        318     6.6784422452204684E-001     2.4066549450700991E+000     5.1521093399457243E+000    -6.2378700780341543E+000     7.0787471482939175E+000 
                        319     6.6381600316915068E-001     2.4049327118057136E+000     5.1549166794043453E+000    -6.2326686461315592E+000     7.0870359725946317E+000 
                        320     6.5974997716138106E-001     2.4031943578951900E+000     5.1577208997239472E+000    -6.2274643384006110E+000     7.0953279530507789E+000 
                        321     6.5564600877815638E-001     2.4014396400063167E+000     5.1605225878168755E+000    -6.2222571926170280E+000     7.1036184587211197E+000 
                        322     6.5150396482265571E-001     2.3996683083730508E+000     5.1633217025979770E+000    -6.2170458307527889E+000     7.1119117242306142E+000 
                        323     6.4732371824201462E-001     2.3978801130600211E+000     5.1661174122003537E+000    -6.2118327051282538E+000     7.1202052742766506E+000 
                        324     6.4310514651988959E-001     2.3960747872463393E+000     5.1689107191439616E+000    -6.2066157543590830E+000     7.1284993589441266E+000 
                        325     6.3884813437886656E-001     2.3942520666206630E+000     5.1717007058309505E+000    -6.2013992035016461E+000     7.1367936448763833E+000 
                        326     6.3455257194376080E-001     2.3924116619098243E+000     5.1744887758929154E+000    -6.1961760868125326E+000     7.1450912643642734E+000 
                        327     6.3021835644296642E-001     2.3905533065372722E+000     5.1772735888596708E+000    -6.1909529178705407E+000     7.1533874874266195E+000 
                        328     6.2584539059349797E-001     2.3886766985104746E+000     5.1800558940157009E+000    -6.1857266192674940E+000     7.1616833321558371E+000 
                        329     6.2143358468823684E-001     2.3867815416154543E+000     5.1828357034221879E+000    -6.1804965538891770E+000     7.1699822777879421E+000 
                        330     6.1698285690228039E-001     2.3848675350510011E+000     5.1856123782872796E+000    -6.1752660372259571E+000     7.1782804119416319E+000 
                        331     6.1249313120293980E-001     2.3829343545822819E+000     5.1883868686384496E+000    -6.1700310567965975E+000     7.1865813662939848E+000 
                        332     6.0796433877361800E-001     2.3809816851164949E+000     5.1911585315897995E+000    -6.1647930925465095E+000     7.1948812314436541E+000 
                        333     6.0339641699170521E-001     2.3790091956850232E+000     5.1939271689281536E+000    -6.1595555404917084E+000     7.2031806769467162E+000 
                        334     5.9878931307394634E-001     2.3770165313673828E+000     5.1966933266582673E+000    -6.1543126582791885E+000     7.2114814004924392E+000 
                        335     5.9414297945660821E-001     2.3750033526197627E+000     5.1994572244427673E+000    -6.1490665548944063E+000     7.2197840397287472E+000 
                        336     5.8945737764891826E-001     2.3729693008831561E+000     5.2022180950608981E+000    -6.1438179492177767E+000     7.2280865136917676E+000 
                        337     5.8473247676996354E-001     2.3709140035364031E+000     5.2049763660672781E+000    -6.1385673143516861E+000     7.2363891648361802E+000 
                        338     5.7996825623080295E-001     2.3688370755304460E+000     5.2077319047004114E+000    -6.1333133267979392E+000     7.2446937101852571E+000 
                        339     5.7516470281112086E-001     2.3667381261773515E+000     5.2104851249583719E+000    -6.1280564981907224E+000     7.2529983382628052E+000 
                        340     5.7032181442735508E-001     2.3646167515510506E+000     5.2132353460400740E+000    -6.1227970322561127E+000     7.2613041759980108E+000 
                        341     5.6543959857557047E-001     2.3624725346052000E+000     5.2159835507563335E+000    -6.1175343490193566E+000     7.2696103872834898E+000 
                        342     5.6051807279326327E-001     2.3603050486273518E+000     5.2187286998178495E+000    -6.1122706076850584E+000     7.2779167406315803E+000 
                        343     5.5555726724986321E-001     2.3581138439768616E+000     5.2214715817759743E+000    -6.1070044498896499E+000     7.2862264287824487E+000 
                        344     5.5055722119842621E-001     2.3558984632667239E+000     5.2242114102552284E+000    -6.1017365811786348E+000     7.2945336300274723E+000 
                        345     5.4551798607153634E-001     2.3536584316758535E+000     5.2269486806628009E+000    -6.0964664775194688E+000     7.3028425394552130E+000 
                        346     5.4043962198487516E-001     2.3513932608658892E+000     5.2296834666226797E+000    -6.0911939844396166E+000     7.3111528042414520E+000 
                        347     5.3532220285757659E-001     2.3491024486450245E+000     5.2324151826650072E+000    -6.0859187122101366E+000     7.3194618513024317E+000 
                        348     5.3016581148552544E-001     2.3467854772321886E+000     5.2351445792243441E+000    -6.0806425336338608E+000     7.3277713740956854E+000 
                        349     5.2497054246764807E-001     2.3444418014740607E+000     5.2378717486733075E+000    -6.0753615182535698E+000     7.3360830740725147E+000 
                        350     5.1973650348738576E-001     2.3420708797844809E+000     5.2405958313835859E+000    -6.0700787563656462E+000     7.3443958399706979E+000 
                        351     5.1446381240558869E-001     2.3396721340854025E+000     5.2433175958594838E+000    -6.0647925291894635E+000     7.3527080351185354E+000 
                        352     5.0915260230627046E-001     2.3372449770738557E+000     5.2460367402886838E+000    -6.0595035647112647E+000     7.3610208227498894E+000 
                        353     5.0380302096204643E-001     2.3347887975661146E+000     5.2487534356858072E+000    -6.0542133878765956E+000     7.3693347282011805E+000 
                        354     4.9841523078873223E-001     2.3323029544735321E+000     5.2514672727504710E+000    -6.0489196849860001E+000     7.3776485492241850E+000 
                        355     4.9298941050716721E-001     2.3297867982144047E+000     5.2541793035333013E+000    -6.0436227989532085E+000     7.3859633751010882E+000 
                        356     4.8752575561315165E-001     2.3272396548395871E+000     5.2568886324682431E+000    -6.0383244941981635E+000     7.3942809364416195E+000 
                        357     4.8202447878426774E-001     2.3246608162574134E+000     5.2595953014823751E+000    -6.0330237953871846E+000     7.4025945933703881E+000 
                        358     4.7648580961242565E-001     2.3220495546047792E+000     5.2623000094697678E+000    -6.0277202938606118E+000     7.4109135933641657E+000 
                        359     4.7090999669739103E-001     2.3194051186486835E+000     5.2650020164205520E+000    -6.0224152475212671E+000     7.4192312380970931E+000 
                        360     4.6529730440226930E-001     2.3167267204612085E+000     5.2677013272615785E+000    -6.0171086448951092E+000     7.4275476143566967E+000 
                        361     4.5964801732441324E-001     2.3140135433035907E+000     5.2703985238758264E+000    -6.0117983707610536E+000     7.4358678497455806E+000 
                        362     4.5396243759393401E-001     2.3112647519748055E+000     5.2730929766374199E+000    -6.0064863176394425E+000     7.4441859483935735E+000 
                        363     4.4824088618753494E-001     2.3084794665280666E+000     5.2757856038727926E+000    -6.0011718646952650E+000     7.4525072788157880E+000 
                        364     4.4248370550979649E-001     2.3056567771237968E+000     5.2784754211675375E+000    -5.9958555929025010E+000     7.4608263352578934E+000 
                        365     4.3669125730753383E-001     2.3027957331505990E+000     5.2811627296701342E+000    -5.9905368044510237E+000     7.4691472843691225E+000 
                        366     4.3086392571386972E-001     2.2998953507522555E+000     5.2838480383357513E+000    -5.9852154316069264E+000     7.4774678713315401E+000 
                        367     4.2500211751403610E-001     2.2969546065676578E+000     5.2865304387512397E+000    -5.9798927224601446E+000     7.4857902374536849E+000 
                        368     4.1910626305010051E-001     2.2939724265026902E+000     5.2892110430100825E+000    -5.9745666767242396E+000     7.4941128681690019E+000 
                        369     4.1317681814888879E-001     2.2909477061393906E+000     5.2918892171340932E+000    -5.9692392017113498E+000     7.5024372929553182E+000 
                        370     4.0721426703772340E-001     2.2878792825118870E+000     5.2945648410127522E+000    -5.9639086981812595E+000     7.5107613402819489E+000 
                        371     4.0121911809705318E-001     2.2847659531563780E+000     5.2972387128228364E+000    -5.9585749145692617E+000     7.5190854685615998E+000 
                        372     3.9519190791418840E-001     2.2816064658298516E+000     5.2999097977163023E+000    -5.9532401422312189E+000     7.5274110088019288E+000 
                        373     3.8913320305588800E-001     2.2783994970743167E+000     5.3025786676506375E+000    -5.9479035802303875E+000     7.5357354821243563E+000 
                        374     3.8304359952684713E-001     2.2751436701598489E+000     5.3052452262751943E+000    -5.9425647892815210E+000     7.5440623001527927E+000 
                        375     3.7692372234605148E-001     2.2718375483984556E+000     5.3079095455542760E+000    -5.9372228676120784E+000     7.5523882054659275E+000 
                        376     3.7077422785659769E-001     2.2684796358124686E+000     5.3105718762630314E+000    -5.9318787757149884E+000     7.5607150425796963E+000 
                        377     3.6459580519159890E-001     2.2650683589786875E+000     5.3132318428025167E+000    -5.9265324235539012E+000     7.5690443482984637E+000 
                        378     3.5838917457373837E-001     2.2616020687639851E+000     5.3158897362063415E+000    -5.9211824490915692E+000     7.5773721614214322E+000 
                        379     3.5215509285774299E-001     2.2580790483355511E+000     5.3185445869297316E+000    -5.9158336750734728E+000     7.5857006342419009E+000 
                        380     3.4589435108201610E-001     2.2544974551961370E+000     5.3211984075629495E+000    -5.9104792108221478E+000     7.5940317439404836E+000 
                        381     3.3960777634371325E-001     2.2508554114763641E+000     5.3238490460202588E+000    -5.9051242626667149E+000     7.6023606989136594E+000 
                        382     3.3329623614581644E-001     2.2471509002748813E+000     5.3264979380883579E+000    -5.8997661474433549E+000     7.6106919195616598E+000 
                        383     3.2696064001734443E-001     2.2433818242859345E+000     5.3291446115750665E+000    -5.8944064953837580E+000     7.6190219000807318E+000 
                        384     3.2060193927752606E-001     2.2395459610617428E+000     5.3317887042909495E+000    -5.8890472085343522E+000     7.6273522608691717E+000 
                        385     3.1422112780609096E-001     2.2356409506024586E+000     5.3344310639658348E+000    -5.8836818925224144E+000     7.6356854084565793E+000 
                        386     3.0781924767497454E-001     2.2316643642414018E+000     5.3370710759764926E+000    -5.8783163050890952E+000     7.6440172246221110E+000 
                        387     3.0139738829235824E-001     2.2276135845913880E+000     5.3397093523012833E+000    -5.8729484121568607E+000     7.6523504533967364E+000 
                        388     2.9495668995401264E-001     2.2234858658444874E+000     5.3423448170765182E+000    -5.8675778606474509E+000     7.6606833595646595E+000 
                        389     2.8849834334957986E-001     2.2192783062155312E+000     5.3449788776278275E+000    -5.8622057606703857E+000     7.6690176504214467E+000 
                        390     2.8202359470677457E-001     2.2149878230769851E+000     5.3476103941920128E+000    -5.8568320707617598E+000     7.6773526371265985E+000 
                        391     2.7553374886815502E-001     2.2106111504215704E+000     5.3502400364615808E+000    -5.8514563489791875E+000     7.6856881167118587E+000 
                        392     2.6903016585083422E-001     2.2061448239443502E+000     5.3528675527769769E+000    -5.8460790925264909E+000     7.6940233199722918E+000 
                        393     2.6251427173123670E-001     2.2015851604030003E+000     5.3554926935045088E+000    -5.8407008102394853E+000     7.7023587358947525E+000 
                        394     2.5598755683047930E-001     2.1969282353625399E+000     5.3581163012728990E+000    -5.8353189701174495E+000     7.7106953396940279E+000 
                        395     2.4945157699868864E-001     2.1921698945734707E+000     5.3607373227829553E+000    -5.8299379996747662E+000     7.7190318449280495E+000 
                        396     2.4290796252497743E-001     2.1873056594744491E+000     5.3633568966259455E+000    -5.8245527277894888E+000     7.7273713601665008E+000 
                        397     2.3635841861885537E-001     2.1823308055571591E+000     5.3659739524385790E+000    -5.8191665733843330E+000     7.7357076549103949E+000 
                        398     2.2980472587818618E-001     2.1772402365947645E+000     5.3685890200924904E+000    -5.8137782661811022E+000     7.7440458447655454E+000 
                        399     2.2324875120870741E-001     2.1720285106172277E+000     5.3712021458263264E+000    -5.8083893083739264E+000     7.7523850483455368E+000 
                        400     2.1669244527174042E-001     2.1666897664803257E+000     5.3738132527398728E+000    -5.8029957847892346E+000     7.7607251243780873E+000 
                        401     2.1013785438217641E-001     2.1612177568925013E+000     5.3764224852680353E+000    -5.7976018236891642E+000     7.7690643559442583E+000 
                        402     2.0358711580948968E-001     2.1556056965634793E+000     5.3790299129685142E+000    -5.7922043429032408E+000     7.7774034903121585E+000 
                        403     1.9704247280270754E-001     2.1498463094707025E+000     5.3816350733706635E+000    -5.7868039507786513E+000     7.7857460094501540E+000 
                        404     1.9050627422205574E-001     2.1439317207271436E+000     5.3842386805788269E+000    -5.7814019398287808E+000     7.7940873037029474E+000 
                        405     1.8398098223271647E-001     2.1378533812806673E+000     5.3868402321530429E+000    -5.7759980010238161E+000     7.8024291376012176E+000 
                        406     1.7746918292083641E-001     2.1316020173664749E+000     5.3894394161794299E+000    -5.7705926502795100E+000     7.8107699907601216E+000 
                        407     1.7097358858001072E-001     2.1251675279311910E+000     5.3920369820826304E+000    -5.7651855305863640E+000     7.8191127666380673E+000 
                        408     1.6449704968440199E-001     2.1185389015681735E+000     5.3946325589785467E+000    -5.7597753513177015E+000     7.8274560012314218E+000 
                        409     1.5804256288857560E-001     2.1117041171813891E+000     5.3972262412614143E+000    -5.7543649010642808E+000     7.8358001825489216E+000 
                        410     1.5161328037205440E-001     2.1046499465025148E+000     5.3998176670806668E+000    -5.7489511873340282E+000     7.8441426096707705E+000 
                        411     1.4521252212085817E-001     2.0973618921018939E+000     5.4024074943739722E+000    -5.7435385731879087E+000     7.8524879083986736E+000 
                        412     1.3884378798416214E-001     2.0898238843463797E+000     5.4049956112318513E+000    -5.7381214396318656E+000     7.8608320173682724E+000 
                        413     1.3251076514545318E-001     2.0820182297676015E+000     5.4075813461246947E+000    -5.7327046643097779E+000     7.8691769310908626E+000 
                        414     1.2621734998657202E-001     2.0739251841918023E+000     5.4101654151944274E+000    -5.7272849263677532E+000     7.8775225232598398E+000 
                        415     1.1996766430949607E-001     2.0655227951158817E+000     5.4127474462958896E+000    -5.7218630451614034E+000     7.8858684792995337E+000 
                        416     1.1376606728560373E-001     2.0567864572272239E+000     5.4153276208874690E+000    -5.7164399444552547E+000     7.8942145427176538E+000 
                        417     1.0761718301620921E-001     2.0476884766076595E+000     5.4179058755613543E+000    -5.7110148795359903E+000     7.9025613732878428E+000 
                        418     1.0152592455206305E-001     2.0381975705468540E+000     5.4204822322089319E+000    -5.7055862413436387E+000     7.9109079159954891E+000 
                        419     9.5497517147425326E-002     2.0282782301730711E+000     5.4230562862371912E+000    -5.7001574244874913E+000     7.9192533926340527E+000 
                        420     8.9537535961865478E-002     2.0178898055491761E+000     5.4256287213314147E+000    -5.6947257013551580E+000     7.9276019877036825E+000 
                        421     8.3651942655911082E-002     2.0069856322364048E+000     5.4281992844360243E+000    -5.6892922905157937E+000     7.9359501060821911E+000 
                        422     7.7847124481006669E-002     1.9955116566695057E+000     5.4307679938848699E+000    -5.6838567422626571E+000     7.9442978393522372E+000 
                        423     7.2129948363131191E-002     1.9834048498619972E+000     5.4333346902248136E+000    -5.6784201022259344E+000     7.9526465752736346E+000 
                        424     6.6507818085305648E-002     1.9705910478851341E+000     5.4358987697273928E+000    -5.6729820319065469E+000     7.9609920728519121E+000 
                        425     6.0988750228574362E-002     1.9569822248031692E+000     5.4384616028987312E+000    -5.6675421579465697E+000     7.9693417391050216E+000 
                        426     5.5581461005470290E-002     1.9424728044505362E+000     5.4410222853476631E+000    -5.6621027484661921E+000     7.9776903618746831E+000 
                        427     5.0295471377093059E-002     1.9269345516986942E+000     5.4435811898841528E+000    -5.6566591016377021E+000     7.9860390381561679E+000 
                        428     4.5141237860822747E-002     1.9102098775687197E+000     5.4461377253941547E+000    -5.6512151396421038E+000     7.9943874794020253E+000 
                        429     4.0130323525780998E-002     1.8921017212564653E+000     5.4486921159536514E+000    -5.6457694686253781E+000     8.0027358124528618E+000 
                        430     3.5275612752462548E-002     1.8723594460408586E+000     5.4512446099986320E+000    -5.6403209798233274E+000     8.0110844436900894E+000 
                        431     3.0591595191570342E-002     1.8506574237414140E+000     5.4537948057271564E+000    -5.6348722616400977E+000     8.0194321502493775E+000 
                        432     2.6094752399755061E-002     1.8265615368817096E+000     5.4563428195019554E+000    -5.6294213111898816E+000     8.0277789946941116E+000 
                        433     2.1804089376017133E-002     1.7994752249863890E+000     5.4588875723272858E+000    -5.6239680293695740E+000     8.0361233229750120E+000 
                        434     1.7741908422911734E-002     1.7685465288958222E+000     5.4614297205708500E+000    -5.6185109797379953E+000     8.0444689312275255E+000 
                        435     1.3934922531868177E-002     1.7324971492939307E+000     5.4650681482968260E+000    -5.6107289126888027E+000     8.0563934507447481E+000 
                        436     7.2280326421780283E-003     1.6352149553951145E+000     5.4691073866832687E+000    -5.6020093881896260E+000     8.0696997764527385E+000 
                        437     4.4292535071401296E-003     1.5632093204610145E+000     5.4710993725465453E+000    -5.5977240696679349E+000     8.0762522578526088E+000 
                        438     3.2016368218870245E-003     1.5156754629211628E+000     5.4726268762967845E+000    -5.5944508179316310E+000     8.0812667328354237E+000 
                        439     1.6409787768804224E-003     1.4180816506443827E+000     5.4742608995096154E+000    -5.5909486496752709E+000     8.0866298237059464E+000 
                        440     8.0453873745280069E-004     1.3143270957465836E+000     5.4753047001096897E+000    -5.5887378704691359E+000     8.0900359792214029E+000 
                        441     4.3574775369327468E-004     1.2252360601047350E+000     5.4759230439631921E+000    -5.5874397916869656E+000     8.0920429256535833E+000 
                        442     2.2286911965875567E-004     1.1279203085273339E+000     5.4763467611589745E+000    -5.5865488588160366E+000     8.0934211692733182E+000 
                        443     1.1642980264149616E-004     1.0337213895220820E+000     5.4764505651106985E+000    -5.5857124900262001E+000     8.0942756973577978E+000 
                        444     6.3210144132810897E-005     9.4517142116547925E-001     5.4764906504374489E+000    -5.5851574489809543E+000     8.0947971594339716E+000 
                        445     3.6600314878523776E-005     8.6600784112605944E-001     5.4765352210988407E+000    -5.5848637754074524E+000     8.0951115721747993E+000 
                        446     2.3295400251380216E-005     8.0057351250909425E-001     5.4765913758598952E+000    -5.5847440526363528E+000     8.0952945754276584E+000 
                        447     1.6642942937801497E-005     7.5187707009838800E-001     5.4766328149088856E+000    -5.5846580423086030E+000     8.0954279423192901E+000 
                        448     9.9904856242227780E-006     6.7797668931011645E-001     5.4766767920684654E+000    -5.5845668424542092E+000     8.0955695517469639E+000 
                        449     4.9952428127220116E-006     5.7761571143990209E-001     5.4767127892456138E+000    -5.5844938144851337E+000     8.0956857634380608E+000 
                        450     2.4976214069716285E-006     4.7726143156661566E-001     5.4767357507680083E+000    -5.5844484241029484E+000     8.0957563809281208E+000 
                        451     1.2488107041241925E-006     3.7691133435039226E-001     5.4767505098660232E+000    -5.5844201916409695E+000     8.0958013683318448E+000 
                        452     6.2440535270047448E-007     2.7656388282551297E-001     5.4767598206142161E+000    -5.5844033950621759E+000     8.0958298884249622E+000 
                        453     3.1220267698861548E-007     1.7621791059242475E-001     5.4767657861445249E+000    -5.5843918776582369E+000     8.0958480798029573E+000 
                        454     1.5610133913268598E-007     7.5873137182691175E-002     5.4767695003595902E+000    -5.5843858453450492E+000     8.0958588228344635E+000 
                        455     7.8050668927964750E-008    -2.4471066968625148E-002     5.4767728131981608E+000    -5.5843806117808894E+000     8.0958692170772455E+000 
