                          1                           2                           3                           4                           5                           6                           7                           8                           9                          10                          11                          12                          13                          14                          15                          16                          17                          18                          19                          20                          21                          22                          23                          24                          25                          26                          27                          28                          29                          30                          31                          32                          33                          34                          35                          36                          37                          38                          39                          40                          41                          42                          43                          44                          45 
               model_number                   num_zones                initial_mass                   initial_z                    star_age                   time_step                        Teff               photosphere_L               photosphere_r                  center_eta                   center_h1                  center_he3                  center_he4                  center_c12                  center_n14                  center_o16                 center_ne20                   star_mass                   star_mdot                star_mass_h1               star_mass_he3               star_mass_he4               star_mass_c12               star_mass_n14               star_mass_o16              star_mass_ne20                he_core_mass                 c_core_mass                 o_core_mass                si_core_mass                fe_core_mass      neutron_rich_core_mass                  tau10_mass                tau10_radius                 tau100_mass               tau100_radius                dynamic_time                kh_timescale               nuc_timescale              power_nuc_burn                power_h_burn               power_he_burn                   power_neu                   burn_min1                   burn_min2 
                        100                         443     2.0000000000000000E+001     2.0000000000000000E-002     9.4371242341882649E+001     3.1596309777366391E+000     3.9209302320422235E+003     2.5894521152364330E+004     3.4920829343516999E+002    -1.2961923599243166E+001     7.0000000000000007E-001     2.9797635251138523E-005     2.7997020236474890E-001     3.4416106108120285E-003     1.0081585468366041E-003     9.3604466091399777E-003     2.0994599496976496E-003     2.0000000000000000E+001     0.0000000000000000E+000     1.4000000000000007E+001     5.9595270502277081E-004     5.5994040472949749E+000     6.8832212216240571E-002     2.0163170936732065E-002     1.8720893218279935E-001     4.1989198993953016E-002     0.0000000000000000E+000     0.0000000000000000E+000     0.0000000000000000E+000     0.0000000000000000E+000     0.0000000000000000E+000     0.0000000000000000E+000     1.9998467720519805E+001     3.4794651125847560E+002     1.9998180833063916E+001     3.4774413331235627E+002     1.4609837910399733E+007     1.0383579602512502E+003     7.7236415697047468E+006     1.0599625849253781E-020     1.0599625849253781E-020     0.0000000000000000E+000     4.2405549626433348E-022     5.0000000000000000E+001     1.0000000000000000E+003 

                          1                           2                           3                           4                           5                           6 
                       zone                           q                        logR                        logT                      logRho                        logP 
                          1     1.0000000000000000E+000     2.5430845493243681E+000     3.5933891159767390E+000    -8.5744292769386252E+000     2.8237134067741971E+000 
                          2     9.9999999999900002E-001     2.5430845492884226E+000     3.5933891403351916E+000    -8.5744293972514729E+000     2.8237134068613505E+000 
                          3     9.9999999997519051E-001     2.5430845484325291E+000     3.5933892221535184E+000    -8.5744281767096115E+000     2.8237141054500605E+000 
                          4     9.9999999991566668E-001     2.5430845462928051E+000     3.5933893857903985E+000    -8.5744274372731439E+000     2.8237159940209415E+000 
                          5     9.9999999980852372E-001     2.5430845424413042E+000     3.5933896780000176E+000    -8.5744255992263092E+000     2.8237175726980870E+000 
                          6     9.9999999961804742E-001     2.5430845355942231E+000     3.5933902390445507E+000    -8.5744216294712121E+000     2.8237227472682234E+000 
                          7     9.9999999923709482E-001     2.5430845219001834E+000     3.5933913611455490E+000    -8.5744124036681342E+000     2.8237331222714048E+000 
                          8     9.9999999847518972E-001     2.5430844945126849E+000     3.5933936054004736E+000    -8.5743972540027116E+000     2.8237498635418925E+000 
                          9     9.9999999695137953E-001     2.5430844397395789E+000     3.5933980941001473E+000    -8.5743654410799941E+000     2.8237862427192550E+000 
                         10     9.9999999390375904E-001     2.5430843302013337E+000     3.5934070722705682E+000    -8.5743037969977589E+000     2.8238572682700669E+000 
                         11     9.9999998780851806E-001     2.5430841111556859E+000     3.5934250317314240E+000    -8.5741779533499631E+000     2.8240006125315338E+000 
                         12     9.9999997561803611E-001     2.5430836731903219E+000     3.5934609631180296E+000    -8.5739278052903689E+000     2.8242868355997279E+000 
                         13     9.9999995123707219E-001     2.5430827977599999E+000     3.5935328758011060E+000    -8.5734262470693814E+000     2.8248594113541592E+000 
                         14     9.9999990247514436E-001     2.5430810489043751E+000     3.5936769003634157E+000    -8.5724259667200222E+000     2.8260044864865410E+000 
                         15     9.9999980495128882E-001     2.5430775591767478E+000     3.5939657443629121E+000    -8.5704339647274530E+000     2.8282841929510023E+000 
                         16     9.9999960990357772E-001     2.5430706114107746E+000     3.5945465947928494E+000    -8.5664913084373069E+000     2.8328063561916803E+000 
                         17     9.9999921980815554E-001     2.5430568404703751E+000     3.5957208007632788E+000    -8.5587558753276376E+000     2.8417148962741359E+000 
                         18     9.9999843961731116E-001     2.5430297809928737E+000     3.5981178569749495E+000    -8.5438624978831363E+000     2.8590046835655327E+000 
                         19     9.9999687923562242E-001     2.5429774721545417E+000     3.6014408985386721E+000    -8.5251448791015889E+000     2.8810464177122128E+000 
                         20     9.9999531885393367E-001     2.5429273521501869E+000     3.6048737786869944E+000    -8.5075917405230310E+000     2.9020321512644909E+000 
                         21     9.9999375847224492E-001     2.5428792011438488E+000     3.6101853611922561E+000    -8.4830146172795668E+000     2.9319236688809478E+000 
                         22     9.9999060746705326E-001     2.5427872712762829E+000     3.6157483391490808E+000    -8.4605048309795166E+000     2.9600004428253208E+000 
                         23     9.9998903196445743E-001     2.5427436076050354E+000     3.6194973163525637E+000    -8.4464916231840395E+000     2.9777643090666968E+000 
                         24     9.9998745646186160E-001     2.5427013177719497E+000     3.6251958786845293E+000    -8.4266732691474822E+000     3.0032850303917389E+000 
                         25     9.9998427506024323E-001     2.5426196965948074E+000     3.6309994032879107E+000    -8.4082868648258895E+000     3.0274821954888820E+000 
                         26     9.9998268435943405E-001     2.5425805613916275E+000     3.6348679023162336E+000    -8.3967445436370607E+000     3.0429002072956903E+000 
                         27     9.9998109365862486E-001     2.5425424424219929E+000     3.6406930269831146E+000    -8.3802874572607795E+000     3.0651956308287955E+000 
                         28     9.9997788175667479E-001     2.5424683069218186E+000     3.6465232764594773E+000    -8.3648443563202068E+000     3.0864802022461988E+000 
                         29     9.9997627580569970E-001     2.5424325205218246E+000     3.6503763810416197E+000    -8.3550678576020072E+000     3.1001152442758810E+000 
                         30     9.9997466985472461E-001     2.5423975221621284E+000     3.6561286117262668E+000    -8.3410128638583405E+000     3.1199267146707044E+000 
                         31     9.9997142738372191E-001     2.5423290850517097E+000     3.6636699610404690E+000    -8.3233753375813393E+000     3.1451032612668941E+000 
                         32     9.9996818491271922E-001     2.5422633411598130E+000     3.6710600769400368E+000    -8.3068391192411610E+000     3.1690221286845000E+000 
                         33     9.9996491186439995E-001     2.5421994280435904E+000     3.6783031553590670E+000    -8.2912911358874677E+000     3.1918087427003874E+000 
                         34     9.9996163881608069E-001     2.5421377358208512E+000     3.6836479019044539E+000    -8.2802434058955168E+000     3.2082057254227410E+000 
                         35     9.9995998702549682E-001     2.5421073743127098E+000     3.6871979115736431E+000    -8.2731337516267871E+000     3.2188720970766544E+000 
                         36     9.9995833523491295E-001     2.5420774995791637E+000     3.6925084058730642E+000    -8.2628854779331267E+000     3.2344453670916073E+000 
                         37     9.9995501641648377E-001     2.5420188564618331E+000     3.6996573287609400E+000    -8.2500841389214852E+000     3.2544175435790543E+000 
                         38     9.9995169759805458E-001     2.5419618939518225E+000     3.7070242274288248E+000    -8.2383286738632506E+000     3.2735623306268917E+000 
                         39     9.9994836354236416E-001     2.5419061763994644E+000     3.7148550144275205E+000    -8.2277157796528169E+000     3.2920351786149276E+000 
                         40     9.9994499904588352E-001     2.5418512865202136E+000     3.7233829010708197E+000    -8.2184742784626028E+000     3.3098396625168363E+000 
                         41     9.9994163454940288E-001     2.5417975321546207E+000     3.7329019164789887E+000    -8.2108602862302114E+000     3.3270248977435104E+000 
                         42     9.9993823960200445E-001     2.5417442142187103E+000     3.7410932159033590E+000    -8.2065899695112012E+000     3.3395468232929488E+000 
                         43     9.9993654212830529E-001     2.5417178088277095E+000     3.7469718929519629E+000    -8.2043678532276552E+000     3.3476983382413521E+000 
                         44     9.9993484465460614E-001     2.5416915334173344E+000     3.7534340500121663E+000    -8.2028548439090780E+000     3.3557378553376718E+000 
                         45     9.9993313191614441E-001     2.5416651091141085E+000     3.7588385899281187E+000    -8.2023604421633287E+000     3.3616998461753305E+000 
                         46     9.9993227554691355E-001     2.5416519101884645E+000     3.7626440138427233E+000    -8.2022854268264105E+000     3.3656300693902295E+000 
                         47     9.9993141917768269E-001     2.5416387123392536E+000     3.7687145814214387E+000    -8.2026172448825978E+000     3.3714585340145620E+000 
                         48     9.9992970643922097E-001     2.5416122928509810E+000     3.7781184217341051E+000    -8.2045416550681871E+000     3.3791136736902159E+000 
                         49     9.9992799370075924E-001     2.5415857511804854E+000     3.7865443642261050E+000    -8.2074934414444254E+000     3.3847845121476761E+000 
                         50     9.9992712966905239E-001     2.5415722684235216E+000     3.7927650404183453E+000    -8.2101246755285651E+000     3.3885484079056831E+000 
                         51     9.9992626563734555E-001     2.5415587024641142E+000     3.7997126557303211E+000    -8.2135742025822509E+000     3.3922813158187597E+000 
                         52     9.9992540160563870E-001     2.5415450270368991E+000     3.8074904424416705E+000    -8.2179710393946444E+000     3.3959805449880496E+000 
                         53     9.9992453757393185E-001     2.5415312111434214E+000     3.8160865030580129E+000    -8.2233217650326296E+000     3.3996577988375463E+000 
                         54     9.9992366968889468E-001     2.5415171602472975E+000     3.8251779453959385E+000    -8.2293345493310479E+000     3.4033115411248391E+000 
                         55     9.9992280180385751E-001     2.5415029120717900E+000     3.8341850116933833E+000    -8.2354247627409354E+000     3.4069364138780731E+000 
                         56     9.9992193391882034E-001     2.5414884612509105E+000     3.8426493223484588E+000    -8.2411259962239445E+000     3.4105330453755611E+000 
                         57     9.9992106603378317E-001     2.5414738180037615E+000     3.8503688823312885E+000    -8.2462079181753296E+000     3.4140987867543844E+000 
                         58     9.9992019814874600E-001     2.5414590008937616E+000     3.8573283963469569E+000    -8.2506302174710271E+000     3.4176383038484937E+000 
                         59     9.9991933026370883E-001     2.5414440305943895E+000     3.8620423331931044E+000    -8.2534843387342658E+000     3.4202732736576844E+000 
                         60     9.9991889632119024E-001     2.5414364955056863E+000     3.8650252531151001E+000    -8.2552544411018456E+000     3.4220206140487726E+000 
                         61     9.9991846237867166E-001     2.5414289292480783E+000     3.8692762397352682E+000    -8.2577277680018106E+000     3.4246285497782014E+000 
                         62     9.9991759449363449E-001     2.5414137091088347E+000     3.8744519503316335E+000    -8.2605630838109310E+000     3.4280922984090130E+000 
                         63     9.9991672275526700E-001     2.5413983196334375E+000     3.8792011631440801E+000    -8.2630136892184485E+000     3.4315355431661985E+000 
                         64     9.9991585101689950E-001     2.5413828414238639E+000     3.8835762916999341E+000    -8.2651385666585231E+000     3.4349506955605955E+000 
                         65     9.9991497927853201E-001     2.5413672856310181E+000     3.8896562578057363E+000    -8.2679503930145639E+000     3.4400427637755029E+000 
                         66     9.9991322804307547E-001     2.5413358275027815E+000     3.8985021471624353E+000    -8.2715080573064395E+000     3.4484328812911680E+000 
                         67     9.9991058955180834E-001     2.5412880283116905E+000     3.9059388146170604E+000    -8.2737737726266296E+000     3.4566803380207056E+000 
                         68     9.9990883055763025E-001     2.5412559866695474E+000     3.9112930088388449E+000    -8.2751492386931673E+000     3.4631704389474822E+000 
                         69     9.9990707156345215E-001     2.5412238362592383E+000     3.9161869657240809E+000    -8.2761267061650070E+000     3.4695967722107568E+000 
                         70     9.9990529693000607E-001     2.5411913196502951E+000     3.9206938464757330E+000    -8.2767878564175525E+000     3.4759579582155520E+000 
                         71     9.9990352229655999E-001     2.5411587461797152E+000     3.9248629587326236E+000    -8.2771961037131057E+000     3.4822406054703037E+000 
                         72     9.9990173978089192E-001     2.5411259898699794E+000     3.9287405324302789E+000    -8.2773773801270298E+000     3.4884548911003201E+000 
                         73     9.9989995726522385E-001     2.5410932124665897E+000     3.9341539426231438E+000    -8.2774229466441724E+000     3.4976096757498101E+000 
                         74     9.9989639223388771E-001     2.5410276285048718E+000     3.9413425067536072E+000    -8.2767316675425988E+000     3.5110441240785653E+000 
                         75     9.9989190828773744E-001     2.5409452288527197E+000     3.9469479501888345E+000    -8.2754337116732462E+000     3.5227168612847919E+000 
                         76     9.9988919883662708E-001     2.5408955643086220E+000     3.9502086581407587E+000    -8.2744738402487101E+000     3.5298892957481849E+000 
                         77     9.9988739253588688E-001     2.5408625182712448E+000     3.9539437332339413E+000    -8.2732679167649010E+000     3.5383731174857576E+000 
                         78     9.9988376388615763E-001     2.5407962939741937E+000     3.9585253582083419E+000    -8.2713067066626031E+000     3.5494783838724984E+000 
                         79     9.9988011918817965E-001     2.5407300461906153E+000     3.9643582913928421E+000    -8.2684206367913369E+000     3.5644015379987506E+000 
                         80     9.9987370048718571E-001     2.5406140765795673E+000     3.9709386459676965E+000    -8.2640950636485755E+000     3.5828063309385851E+000 
                         81     9.9986723291179591E-001     2.5404982893620938E+000     3.9755829302391290E+000    -8.2602884660072444E+000     3.5968239059995111E+000 
                         82     9.9986352314760907E-001     2.5404324127391282E+000     3.9795827490510733E+000    -8.2567911816722681E+000     3.6092908943429864E+000 
                         83     9.9985790901444849E-001     2.5403334623094498E+000     3.9851456331587252E+000    -8.2513056713909716E+000     3.6274950784381046E+000 
                         84     9.9984942954303246E-001     2.5401857596842023E+000     3.9904969398864885E+000    -8.2450116430812077E+000     3.6462593885204968E+000 
                         85     9.9984277104086916E-001     2.5400713414767346E+000     3.9945475049884527E+000    -8.2397958142468468E+000     3.6610708284123294E+000 
                         86     9.9983702263368424E-001     2.5399736698486652E+000     3.9974891635668643E+000    -8.2357061961642160E+000     3.6721953908272136E+000 
                         87     9.9983317905609204E-001     2.5399089391124798E+000     4.0009018445436801E+000    -8.2308523390938557E+000     3.6852864428701384E+000 
                         88     9.9982542342993663E-001     2.5397796896151985E+000     4.0046301303612468E+000    -8.2249813991989384E+000     3.7001893079253305E+000 
                         89     9.9981955487940655E-001     2.5396831266419619E+000     4.0076859881277827E+000    -8.2199308788440177E+000     3.7126827815319849E+000 
                         90     9.9981365145679513E-001     2.5395870490529839E+000     4.0120817890368956E+000    -8.2124333955956192E+000     3.7309400718641190E+000 
                         91     9.9980173935832517E-001     2.5393963101789789E+000     4.0165892405386474E+000    -8.2038546111164177E+000     3.7505466190691936E+000 
                         92     9.9979370347446173E-001     2.5392700165701929E+000     4.0200356867667173E+000    -8.1970465465538549E+000     3.7658099974820614E+000 
                         93     9.9978559591354865E-001     2.5391444691945493E+000     4.0233359728450679E+000    -8.1902545758851755E+000     3.7806986707343389E+000 
                         94     9.9977741601643055E-001     2.5390196593548495E+000     4.0265060579595326E+000    -8.1834871999244871E+000     3.7952380636207215E+000 
                         95     9.9976916312022179E-001     2.5388955760559413E+000     4.0295595909934327E+000    -8.1767514280538816E+000     3.8094465978823480E+000 
                         96     9.9976083656223746E-001     2.5387722065384613E+000     4.0325083562401520E+000    -8.1700523529125277E+000     3.8233392549227694E+000 
                         97     9.9975243567780270E-001     2.5386495368253126E+000     4.0353626152203796E+000    -8.1633939944522176E+000     3.8369351030662679E+000 
                         98     9.9974395979884445E-001     2.5385275520280475E+000     4.0395282128525594E+000    -8.1535708525097608E+000     3.8568407424390574E+000 
                         99     9.9972678035504847E-001     2.5382855311174932E+000     4.0447716549784634E+000    -8.1405187854561785E+000     3.8824232169533275E+000 
                        100     9.9970929276725762E-001     2.5380460651153740E+000     4.0497685307866949E+000    -8.1276476389955707E+000     3.9070561034042113E+000 
                        101     9.9969149149315850E-001     2.5378090322064706E+000     4.0545581529920627E+000    -8.1149580924504772E+000     3.9308210067229941E+000 
                        102     9.9967337091955677E-001     2.5375743135656550E+000     4.0591722498830007E+000    -8.1024489563701270E+000     3.9537968963175856E+000 
                        103     9.9965492535237832E-001     2.5373417940677889E+000     4.0636372685391757E+000    -8.0901358582397389E+000     3.9760454736286985E+000 
                        104     9.9963614900843778E-001     2.5371113530747698E+000     4.0679758757466464E+000    -8.0780307155248519E+000     3.9976275361910485E+000 
                        105     9.9961703601146734E-001     2.5368828664688254E+000     4.0722078534939063E+000    -8.0661483396563902E+000     4.0185843966538517E+000 
                        106     9.9959758039305802E-001     2.5366562051862660E+000     4.0763507078591239E+000    -8.0544862499262919E+000     4.0389669565153046E+000 
                        107     9.9957777609124843E-001     2.5364312442127739E+000     4.0804200861304469E+000    -8.0430322946386568E+000     4.0588208769269443E+000 
                        108     9.9955761695019107E-001     2.5362078673319197E+000     4.0844301010513311E+000    -8.0317872714782954E+000     4.0781756601510066E+000 
                        109     9.9953709671656532E-001     2.5359859601270385E+000     4.0883935278694929E+000    -8.0207427534264948E+000     4.0970676371168482E+000 
                        110     9.9951620903672311E-001     2.5357654144923689E+000     4.0923219492233853E+000    -8.0098943064424244E+000     4.1155251812234068E+000 
                        111     9.9949494745289391E-001     2.5355461263335521E+000     4.0962260031294697E+000    -7.9992441773071867E+000     4.1335757220885734E+000 
                        112     9.9947330540031321E-001     2.5353279920032046E+000     4.1001155626784209E+000    -7.9887833839630416E+000     4.1512429664168717E+000 
                        113     9.9945127620617558E-001     2.5351109138044818E+000     4.1039999205121900E+000    -7.9785069804423436E+000     4.1685504064555658E+000 
                        114     9.9942885308783180E-001     2.5348947977669574E+000     4.1078881438769148E+000    -7.9684181164895360E+000     4.1855212238527670E+000 
                        115     9.9940602915152665E-001     2.5346795494736347E+000     4.1117893589551935E+000    -7.9585160054947384E+000     4.2021705637902942E+000 
                        116     9.9938279739071756E-001     2.5344650759091425E+000     4.1157128382762851E+000    -7.9488021749605950E+000     4.2185194532227390E+000 
                        117     9.9935915068386816E-001     2.5342512841911815E+000     4.1196679837310164E+000    -7.9392772696341343E+000     4.2345796993680365E+000 
                        118     9.9933508179195785E-001     2.5340380818878745E+000     4.1236643114229405E+000    -7.9299380665040591E+000     4.2503705900174227E+000 
                        119     9.9931058335635292E-001     2.5338253787957852E+000     4.1277114176678902E+000    -7.9207880397274568E+000     4.2659035857076351E+000 
                        120     9.9928564789601526E-001     2.5336130835287891E+000     4.1318189565536443E+000    -7.9118282292491875E+000     4.2811922166973746E+000 
                        121     9.9926026780538324E-001     2.5334011046009302E+000     4.1359966064708127E+000    -7.9030627053888232E+000     4.2962467748615634E+000 
                        122     9.9923443535207335E-001     2.5331893488304220E+000     4.1402538970328040E+000    -7.8944915166711862E+000     4.3110803940580649E+000 
                        123     9.9920814267494806E-001     2.5329777231864505E+000     4.1445999809000353E+000    -7.8861168381003575E+000     4.3257038934221326E+000 
                        124     9.9918138178200977E-001     2.5327661336295102E+000     4.1490433354939391E+000    -7.8779403900227738E+000     4.3401247945933843E+000 
                        125     9.9915414454802287E-001     2.5325544852053743E+000     4.1535915013221931E+000    -7.8699624178866205E+000     4.3543536577071507E+000 
                        126     9.9912642271247543E-001     2.5323426826358011E+000     4.1582506799290764E+000    -7.8621837820904421E+000     4.3683987667044848E+000 
                        127     9.9909820787711090E-001     2.5321306298856170E+000     4.1630251171848345E+000    -7.8545998634338270E+000     4.3822682315198822E+000 
                        128     9.9906949150385538E-001     2.5319182327113281E+000     4.1704014656914472E+000    -7.8434974369627852E+000     4.4028383848512247E+000 
                        129     9.9901051927803786E-001     2.5314921225591052E+000     4.1805911957874224E+000    -7.8293844281481952E+000     4.4296101764508036E+000 
                        130     9.9894943484360055E-001     2.5310635998344395E+000     4.1884447560291678E+000    -7.8191927287533716E+000     4.4492851247439065E+000 
                        131     9.9891779972885764E-001     2.5308463348121606E+000     4.1937337621953876E+000    -7.8125149236660860E+000     4.4622451274173551E+000 
                        132     9.9888616461411472E-001     2.5306320658275960E+000     4.2016833757017196E+000    -7.8026250248928548E+000     4.4814585541153518E+000 
                        133     9.9882063252236053E-001     2.5301972277507723E+000     4.2120195658429909E+000    -7.7894486908821410E+000     4.5066207931014244E+000 
                        134     9.9875275993329904E-001     2.5297589986477416E+000     4.2194203408627651E+000    -7.7794324568396052E+000     4.5251715441802505E+000 
                        135     9.9871761274874049E-001     2.5295367331908056E+000     4.2242266050309496E+000    -7.7727303529445697E+000     4.5374140805848846E+000 
                        136     9.9868246556418194E-001     2.5293175374749257E+000     4.2312305243545403E+000    -7.7626352742231903E+000     4.5556027699369732E+000 
                        137     9.9860966539942642E-001     2.5288729324413586E+000     4.2399308475044304E+000    -7.7488461919249190E+000     4.5794881111275272E+000 
                        138     9.9853427258861394E-001     2.5284255067583419E+000     4.2460247249861833E+000    -7.7383036114731567E+000     4.5971427426331610E+000 
                        139     9.9849523496329362E-001     2.5281988633890951E+000     4.2499794037199434E+000    -7.7312730825961440E+000     4.6088117833892213E+000 
                        140     9.9845619733797331E-001     2.5279755126050469E+000     4.2557742047754763E+000    -7.7207335753603692E+000     4.6261774894588896E+000 
                        141     9.9837534679893136E-001     2.5275229681879772E+000     4.2631148925732347E+000    -7.7065696509595423E+000     4.6490248920620285E+000 
                        142     9.9829162496540913E-001     2.5270679650229328E+000     4.2701821803750963E+000    -7.6924139971826939E+000     4.6715733205535921E+000 
                        143     9.9820493256414844E-001     2.5266104874750450E+000     4.2753144627855235E+000    -7.6818040292032572E+000     4.6882830000806051E+000 
                        144     9.9816004974741468E-001     2.5263788052248772E+000     4.2787123987466984E+000    -7.6747773804308590E+000     4.6993490160136018E+000 
                        145     9.9811516693068092E-001     2.5261504788254894E+000     4.2837925123150900E+000    -7.6643209259218184E+000     4.7158402391220884E+000 
                        146     9.9802222187790213E-001     2.5256877972350842E+000     4.2904887058781904E+000    -7.6504962179937275E+000     4.7375925744512726E+000 
                        147     9.9792598753336070E-001     2.5252222608276416E+000     4.2971904024103784E+000    -7.6368624685468047E+000     4.7591082991599345E+000 
                        148     9.9782635014343635E-001     2.5247536488648556E+000     4.3039525835586385E+000    -7.6234456950746097E+000     4.7804053957563388E+000 
                        149     9.9772319188942815E-001     2.5242817063883041E+000     4.3108252741730677E+000    -7.6102827826832984E+000     4.8014903279445935E+000 
                        150     9.9761639069151120E-001     2.5238061307823547E+000     4.3178510840134123E+000    -7.5974051824461837E+000     4.8223807599759407E+000 
                        151     9.9750581998823018E-001     2.5233265755756564E+000     4.3250628586300301E+000    -7.5848361869967027E+000     4.8430840053534103E+000 
                        152     9.9739134846600441E-001     2.5228426570947144E+000     4.3324855101028383E+000    -7.5725838355013986E+000     4.8636176431453251E+000 
                        153     9.9727283977528258E-001     2.5223539692867130E+000     4.3401405817391057E+000    -7.5606577280386142E+000     4.8839823643369211E+000 
                        154     9.9715015226079906E-001     2.5218600802045943E+000     4.3480464987159166E+000    -7.5490654297015674E+000     4.9041929837061957E+000 
                        155     9.9702313877646753E-001     2.5213605327628223E+000     4.3562106590702143E+000    -7.5378046164729131E+000     4.9242596460838630E+000 
                        156     9.9689164673629815E-001     2.5208548555409749E+000     4.3646197692980966E+000    -7.5268569464174169E+000     4.9441869704972952E+000 
                        157     9.9675551860005496E-001     2.5203425830027610E+000     4.3732402970660642E+000    -7.5161845235958138E+000     4.9639881406765500E+000 
                        158     9.9661459333673852E-001     2.5198232846336812E+000     4.3820282554394705E+000    -7.5057471626863341E+000     4.9836611946152871E+000 
                        159     9.9646870940609045E-001     2.5192965799297866E+000     4.3909370501282190E+000    -7.4955010701157860E+000     5.0032221200804585E+000 
                        160     9.9631770774986539E-001     2.5187621545840249E+000     4.3999211833676286E+000    -7.4854076586945242E+000     5.0226681933685562E+000 
                        161     9.9616143342991270E-001     2.5182197607250312E+000     4.4089392887949854E+000    -7.4754301627070507E+000     5.0420101395541055E+000 
                        162     9.9599973558224686E-001     2.5176692151318298E+000     4.4179562636267828E+000    -7.4655355396556669E+000     5.0612425249279527E+000 
                        163     9.9583246014376703E-001     2.5171103710165150E+000     4.4269445224829225E+000    -7.4556977680385916E+000     5.0803728030332680E+000 
                        164     9.9565944386874394E-001     2.5165430918060689E+000     4.4358838371970473E+000    -7.4458963542458738E+000     5.0994038645016566E+000 
                        165     9.9548051171296403E-001     2.5159672388764389E+000     4.4447603846182044E+000    -7.4361190792145502E+000     5.1183412658387564E+000 
                        166     9.9529547590459655E-001     2.5153826610604595E+000     4.4535653923827860E+000    -7.4263525969981208E+000     5.1371872711751134E+000 
                        167     9.9510413671811504E-001     2.5147892016287341E+000     4.4622933047009585E+000    -7.4165885362770032E+000     5.1559486809670823E+000 
                        168     9.9490628379297485E-001     2.5141866982831740E+000     4.4709404272720947E+000    -7.4068261389637318E+000     5.1746306957190260E+000 
                        169     9.9470169667890096E-001     2.5135749761493522E+000     4.4795037774584285E+000    -7.3970533932284450E+000     5.1932359022614500E+000 
                        170     9.9449014540367542E-001     2.5129538668127664E+000     4.4879801034355937E+000    -7.3872616668390041E+000     5.2117684679581453E+000 
                        171     9.9427139004571208E-001     2.5123232042807078E+000     4.4963653789924916E+000    -7.3774402641127503E+000     5.2302408393491158E+000 
                        172     9.9404517946365323E-001     2.5116828262920241E+000     4.5046544895750005E+000    -7.3675848563905477E+000     5.2486513029115898E+000 
                        173     9.9381125250489155E-001     2.5110325704161260E+000     4.5128407842250597E+000    -7.3576874814439011E+000     5.2670063085464296E+000 
                        174     9.9356933926701319E-001     2.5103722844429819E+000     4.5209155047455054E+000    -7.3477355220723712E+000     5.2853096451528732E+000 
                        175     9.9331916096791573E-001     2.5097018347363336E+000     4.5288676055264450E+000    -7.3377094855938676E+000     5.3035680150756841E+000 
                        176     9.9306042681811568E-001     2.5090211107784439E+000     4.5366835429832717E+000    -7.3275981871618452E+000     5.3217816241032576E+000 
                        177     9.9279283160454845E-001     2.5083300089363223E+000     4.5443473839509387E+000    -7.3173751031923846E+000     5.3399577660234643E+000 
                        178     9.9251605667243936E-001     2.5076284626368310E+000     4.5518415428439365E+000    -7.3070303497762366E+000     5.3581020428341821E+000 
                        179     9.9222977637981957E-001     2.5069164353589284E+000     4.5591475827353785E+000    -7.2965420097533853E+000     5.3762111036845361E+000 
                        180     9.9193366517223824E-001     2.5061939593556377E+000     4.5644394662589276E+000    -7.2885550411514641E+000     5.3897281507612433E+000 
                        181     9.9178182138330595E-001     2.5058288606085424E+000     4.5679356631888091E+000    -7.2831830660962167E+000     5.3987639246301740E+000 
                        182     9.9162739795749666E-001     2.5054611944444889E+000     4.5713756022679064E+000    -7.2777615153991819E+000     5.4077929925394264E+000 
                        183     9.9147035431810326E-001     2.5050909861953068E+000     4.5764817895474925E+000    -7.2695579927599416E+000     5.4213692973244543E+000 
                        184     9.9114824378923716E-001     2.5043429818982244E+000     4.5830111263442355E+000    -7.2584286605553263E+000     5.4393884744691743E+000 
                        185     9.9081516335026121E-001     2.5035851415528634E+000     4.5893042014029826E+000    -7.2471034557189515E+000     5.4573791074304490E+000 
                        186     9.9047078311293046E-001     2.5028177279761015E+000     4.5953645814577371E+000    -7.2355876422469771E+000     5.4753480126466201E+000 
                        187     9.9011476729886883E-001     2.5020410143721912E+000     4.6012010449953511E+000    -7.2238869421528573E+000     5.4932917840801210E+000 
                        188     9.8974677161279678E-001     2.5012552771743626E+000     4.6068261846706662E+000    -7.2120121763859153E+000     5.5112101508812472E+000 
                        189     9.8936644170131982E-001     2.5004607831454257E+000     4.6122548529474816E+000    -7.1999823008312678E+000     5.5291018967608165E+000 
                        190     9.8897341227568047E-001     2.4996577719642494E+000     4.6175030161783885E+000    -7.1878116353409194E+000     5.5469713963136824E+000 
                        191     9.8856730752415911E-001     2.4988464646387696E+000     4.6212901387147909E+000    -7.1785964333840022E+000     5.5603134167020531E+000 
                        192     9.8835923176848339E-001     2.4984377840493486E+000     4.6250711358683754E+000    -7.1693261688597669E+000     5.5737273325120418E+000 
                        193     9.8793278902116943E-001     2.4976144034132317E+000     4.6299407151502123E+000    -7.1568777584388199E+000     5.5915322548382651E+000 
                        194     9.8749229381366399E-001     2.4967831861014465E+000     4.6346879258102103E+000    -7.1443425036350412E+000     5.6093135460584405E+000 
                        195     9.8703734572963842E-001     2.4959442958882976E+000     4.6381446966664432E+000    -7.1348945508378634E+000     5.6225947629001123E+000 
                        196     9.8680432607019108E-001     2.4955220357583596E+000     4.6416123790498469E+000    -7.1254091867081941E+000     5.6359382812131900E+000 
                        197     9.8632694384199615E-001     2.4946719230940220E+000     4.6461225619154902E+000    -7.1127234702344371E+000     5.6536537086701895E+000 
                        198     9.8583410667169691E-001     2.4938145116950592E+000     4.6494302242192376E+000    -7.1031899018439359E+000     5.6668827170727676E+000 
                        199     9.8558177011646064E-001     2.4933831256723136E+000     4.6516347634921997E+000    -7.0968217876574364E+000     5.6757185555173546E+000 
                        200     9.8532542391208633E-001     2.4929499725152393E+000     4.6549431609931275E+000    -7.0872523100984095E+000     5.6889980831296363E+000 
                        201     9.8480051542687541E-001     2.4920784366815600E+000     4.6592801188810338E+000    -7.0744981643606488E+000     5.7066221199122920E+000 
                        202     9.8425902075263871E-001     2.4912000888897712E+000     4.6635816928779095E+000    -7.0617507795779542E+000     5.7242103441414836E+000 
                        203     9.8370059318809278E-001     2.4903151021193146E+000     4.6678581381342674E+000    -7.0490214276859469E+000     5.7417575623513528E+000 
                        204     9.8312489380836188E-001     2.4894236438900648E+000     4.6721193157409138E+000    -7.0363210270345968E+000     5.7592621411443101E+000 
                        205     9.8253159026519421E-001     2.4885258728079287E+000     4.6763746984924932E+000    -7.0236631058673806E+000     5.7767220556277294E+000 
                        206     9.8192034048259103E-001     2.4876219068771830E+000     4.6806333755879024E+000    -7.0110542230236836E+000     5.7941324580715232E+000 
                        207     9.8129077880556426E-001     2.4867118179749736E+000     4.6849040193742271E+000    -6.9985042381610176E+000     5.8114927183122278E+000 
                        208     9.8064250769064776E-001     2.4857956151020697E+000     4.6891948777509294E+000    -6.9860187624274195E+000     5.8288032330917945E+000 
                        209     9.7997509371771829E-001     2.4848732504764448E+000     4.6935139609986161E+000    -6.9736097164245150E+000     5.8460611374731606E+000 
                        210     9.7928806563738602E-001     2.4839446064085671E+000     4.6978693301081833E+000    -6.9612809942577858E+000     5.8632689957761492E+000 
                        211     9.7858091266382097E-001     2.4830095128903840E+000     4.7022692437607985E+000    -6.9490396333737348E+000     5.8804285851030835E+000 
                        212     9.7785308793295023E-001     2.4820677482100826E+000     4.7067219941374443E+000    -6.9368877660107957E+000     5.8975422525785319E+000 
                        213     9.7710401326498575E-001     2.4811190578127174E+000     4.7112354965162266E+000    -6.9248332499748333E+000     5.9146093883171682E+000 
                        214     9.7633308159815568E-001     2.4801631463835370E+000     4.7158170391003287E+000    -6.9128812785588520E+000     5.9316358307963082E+000 
                        215     9.7553965777859430E-001     2.4791996855200895E+000     4.7204732106004581E+000    -6.9010335222012129E+000     5.9486209963704217E+000 
                        216     9.7472308011707842E-001     2.4782283242075369E+000     4.7252098730701881E+000    -6.8892906093665109E+000     5.9655711017837083E+000 
                        217     9.7388266123963019E-001     2.4772486928721236E+000     4.7300321667851914E+000    -6.8776594089126224E+000     5.9824848832397084E+000 
                        218     9.7301769184261089E-001     2.4762603940180568E+000     4.7349444331747312E+000    -6.8661369075613683E+000     5.9993685336462050E+000 
                        219     9.7212744397075646E-001     2.4752630282139214E+000     4.7399500316339909E+000    -6.8547256666814089E+000     6.0162219633273537E+000 
                        220     9.7121116998526902E-001     2.4742561801260234E+000     4.7450511528828798E+000    -6.8434245266376461E+000     6.0330468367065508E+000 
                        221     9.7026810093375604E-001     2.4732394250868519E+000     4.7502487716235775E+000    -6.8322314057262172E+000     6.0498466159465698E+000 
                        222     9.6929744533999806E-001     2.4722123300320527E+000     4.7555426012651472E+000    -6.8211437620782638E+000     6.0666244775448588E+000 
                        223     9.6829838856212802E-001     2.4711744541006468E+000     4.7609309377389355E+000    -6.8101622554128340E+000     6.0833802584499157E+000 
                        224     9.6727009111677176E-001     2.4701253393673746E+000     4.7664106050751087E+000    -6.7992786413674207E+000     6.1001190443535451E+000 
                        225     9.6621168658654066E-001     2.4690645304314125E+000     4.7719772900015345E+000    -6.7884879305315531E+000     6.1168398103146444E+000 
                        226     9.6512228002017597E-001     2.4679915658278371E+000     4.7776258648823635E+000    -6.7777827022883690E+000     6.1335484892833350E+000 
                        227     9.6400094990459795E-001     2.4669059867707417E+000     4.7833504040181056E+000    -6.7671567578302847E+000     6.1502415357251348E+000 
                        228     9.6284674912018742E-001     2.4658073358826100E+000     4.7891443563005049E+000    -6.7566007607751652E+000     6.1669277645482667E+000 
                        229     9.6165870406880571E-001     2.4646951651421762E+000     4.7950008685734629E+000    -6.7461084935269442E+000     6.1836040714389942E+000 
                        230     9.6043581374159592E-001     2.4635690281290552E+000     4.8009129928892333E+000    -6.7356687190299205E+000     6.2002756019415788E+000 
                        231     9.5917704905127110E-001     2.4624284934898881E+000     4.8068738160626134E+000    -6.7252772103366167E+000     6.2169409649456311E+000 
                        232     9.5788135276187492E-001     2.4612731278300117E+000     4.8128767098362166E+000    -6.7149262583687221E+000     6.2336058292487264E+000 
                        233     9.5654763980328350E-001     2.4601025060244788E+000     4.8189155487097546E+000    -6.7046085240410074E+000     6.2502665024404962E+000 
                        234     9.5517479849549058E-001     2.4589162124340818E+000     4.8249847990994610E+000    -6.6943203343152131E+000     6.2669305617794624E+000 
                        235     9.5376169252244936E-001     2.4577138334864763E+000     4.8310795398750130E+000    -6.6840524047809859E+000     6.2835942797620215E+000 
                        236     9.5230716309425489E-001     2.4564949757031598E+000     4.8371954540695139E+000    -6.6738004320733237E+000     6.3002619741970918E+000 
                        237     9.5081003318908364E-001     2.4552592563016167E+000     4.8433288275391195E+000    -6.6635560197368298E+000     6.3169353808280313E+000 
                        238     9.4926911309553286E-001     2.4540063198834949E+000     4.8494764791838874E+000    -6.6533220905163688E+000     6.3336121984013385E+000 
                        239     9.4768320148987495E-001     2.4527358069273624E+000     4.8556356242661218E+000    -6.6430950127767900E+000     6.3502974896592566E+000 
                        240     9.4605108581523112E-001     2.4514473723821610E+000     4.8618037954623210E+000    -6.6328728167538227E+000     6.3669902000860690E+000 
                        241     9.4437154700741399E-001     2.4501406843455347E+000     4.8679787920384463E+000    -6.6226556094857623E+000     6.3836857800840914E+000 
                        242     9.4264336388490721E-001     2.4488154206244652E+000     4.8741585811940871E+000    -6.6124353782568823E+000     6.4003895229508236E+000 
                        243     9.4086530970371229E-001     2.4474712903690126E+000     4.8803412363220833E+000    -6.6022107626530779E+000     6.4171026978078434E+000 
                        244     9.3903615207052460E-001     2.4461080138652949E+000     4.8865249408612623E+000    -6.5919810841830406E+000     6.4338197076426571E+000 
                        245     9.3715465454839531E-001     2.4447253210822875E+000     4.8927080167087436E+000    -6.5817473277561245E+000     6.4505451318956002E+000 
                        246     9.3521957386604770E-001     2.4433229436173116E+000     4.8988889531036044E+000    -6.5715081530300150E+000     6.4672754930294518E+000 
                        247     9.3322965697923610E-001     2.4419006193704482E+000     4.9050664051040025E+000    -6.5612643274250804E+000     6.4840114797853161E+000 
                        248     9.3118364007212995E-001     2.4404580845427639E+000     4.9112391497332348E+000    -6.5510137016743926E+000     6.5007508359696917E+000 
                        249     9.2908024498759123E-001     2.4389950803347942E+000     4.9174060446093373E+000    -6.5407550996278276E+000     6.5174935069962565E+000 
                        250     9.2691817472656968E-001     2.4375113465836011E+000     4.9235660361091753E+000    -6.5304851108114779E+000     6.5342435300012536E+000 
                        251     9.2469610989209283E-001     2.4360066271289700E+000     4.9297181799011023E+000    -6.5202130703824928E+000     6.5509920245971660E+000 
                        252     9.2241270741957859E-001     2.4344806245644688E+000     4.9358616490027059E+000    -6.5099289984485571E+000     6.5677484243328328E+000 
                        253     9.2006660094499115E-001     2.4329330673111556E+000     4.9419957227033660E+000    -6.4996402398797182E+000     6.5845032265779633E+000 
                        254     9.1765639865819848E-001     2.4313636474312421E+000     4.9481197934938992E+000    -6.4893406922331520E+000     6.6012629325376651E+000 
                        255     9.1518068298163135E-001     2.4297720680185133E+000     4.9542333848513573E+000    -6.4790314352433693E+000     6.6180248916193012E+000 
                        256     9.1263801439480829E-001     2.4281580200943167E+000     4.9603361579298761E+000    -6.4687116812984051E+000     6.6347857317384538E+000 
                        257     9.1002693243115262E-001     2.4265211897320014E+000     4.9664279053703497E+000    -6.4583841561929125E+000     6.6515504957605591E+000 
                        258     9.0734595613617419E-001     2.4248612446738074E+000     4.9725085281079942E+000    -6.4480469143602122E+000     6.6683168362612371E+000 
                        259     9.0459358646089005E-001     2.4231778529031915E+000     4.9785780124108170E+000    -6.4377014549649525E+000     6.6850829207500695E+000 
                        260     9.0176830675079800E-001     2.4214706693427517E+000     4.9846364189983481E+000    -6.4273504435361124E+000     6.7018500043215630E+000 
                        261     8.9886858204530584E-001     2.4197393298340639E+000     4.9906838655659245E+000    -6.4169907456591453E+000     6.7186186057167605E+000 
                        262     8.9589285981097189E-001     2.4179834738891151E+000     4.9967205005710156E+000    -6.4066229379271782E+000     6.7353894457057155E+000 
                        263     8.9283957010363768E-001     2.4162027297548709E+000     5.0027464905896757E+000    -6.3962464066913602E+000     6.7521579607547997E+000 
                        264     8.8970712617646108E-001     2.4143967189793112E+000     5.0087619951430611E+000    -6.3858602252049179E+000     6.7689278946956692E+000 
                        265     8.8649392422078988E-001     2.4125650571244899E+000     5.0147671243748162E+000    -6.3754700884847670E+000     6.7856986799276173E+000 
                        266     8.8319834347678972E-001     2.4107073249345072E+000     5.0207619256697971E+000    -6.3650732097345717E+000     6.8024690490978044E+000 
                        267     8.7981874584738895E-001     2.4088231027454547E+000     5.0267463886668660E+000    -6.3546668710961214E+000     6.8192425528544147E+000 
                        268     8.7635347670740282E-001     2.4069119707096314E+000     5.0327204579027729E+000    -6.3442576459050102E+000     6.8360131753663858E+000 
                        269     8.7280086446965632E-001     2.4049734668649827E+000     5.0386840498128738E+000    -6.3338412927390690E+000     6.8527830735799018E+000 
                        270     8.6915922118957190E-001     2.4030071338579928E+000     5.0446370573564252E+000    -6.3234137734231926E+000     6.8695543900589167E+000 
                        271     8.6542684244816459E-001     2.4010125183961688E+000     5.0505793610808229E+000    -6.3129828376340686E+000     6.8863250347224634E+000 
                        272     8.6160200683984378E-001     2.3989891160976895E+000     5.0565108537426324E+000    -6.3025441096687134E+000     6.9030966014823232E+000 
                        273     8.5768297558197037E-001     2.3969364254630983E+000     5.0624314473422816E+000    -6.2921007730441403E+000     6.9198649491376338E+000 
                        274     8.5366799271954008E-001     2.3948539119292809E+000     5.0683410707735463E+000    -6.2816459824092368E+000     6.9366389209302763E+000 
                        275     8.4955528688649951E-001     2.3927410557411495E+000     5.0742396690731404E+000    -6.2711882980435982E+000     6.9534060121716221E+000 
                        276     8.4534307224766625E-001     2.3905972771083808E+000     5.0801272058022855E+000    -6.2607218161943914E+000     6.9701777988152305E+000 
                        277     8.4102955052695894E-001     2.3884220059103036E+000     5.0860036669444684E+000    -6.2502517023031112E+000     6.9869470775428857E+000 
                        278     8.3661291292748274E-001     2.3862146268130773E+000     5.0918690895222056E+000    -6.2397762278752289E+000     7.0037176033714701E+000 
                        279     8.3209134308345489E-001     2.3839745132117693E+000     5.0977235825027902E+000    -6.2292914350593653E+000     7.0204884573134203E+000 
                        280     8.2746301782202281E-001     2.3817010384842008E+000     5.1035673255417642E+000    -6.2187983070942066E+000     7.0372592763670454E+000 
                        281     8.2272611120900030E-001     2.3793935514904168E+000     5.1094005359964738E+000    -6.2082986746368007E+000     7.0540285427657361E+000 
                        282     8.1787879753364601E-001     2.3770513713605705E+000     5.1152234231180334E+000    -6.1977916832696609E+000     7.0707996499214518E+000 
                        283     8.1291925433797685E-001     2.3746738012365851E+000     5.1210361747191877E+000    -6.1872772551190920E+000     7.0875695215494225E+000 
                        284     8.0784566408713165E-001     2.3722601231774045E+000     5.1268389610123535E+000    -6.1767556857821218E+000     7.1043409071094628E+000 
                        285     8.0265621324555614E-001     2.3698095936374890E+000     5.1326319405093308E+000    -6.1662296391109734E+000     7.1211102972149671E+000 
                        286     7.9734909199665593E-001     2.3673214274385477E+000     5.1384152684914195E+000    -6.1556979295829377E+000     7.1378823235155613E+000 
                        287     7.9192249586892627E-001     2.3647948177062390E+000     5.1441890964930623E+000    -6.1451620439767520E+000     7.1546542058825811E+000 
                        288     7.8637462894362065E-001     2.3622289196207169E+000     5.1499535641067391E+000    -6.1346236561887340E+000     7.1714262629955670E+000 
                        289     7.8070370394564104E-001     2.3596228461147386E+000     5.1557087915331605E+000    -6.1240785557098558E+000     7.1881963970321028E+000 
                        290     7.7490794526533047E-001     2.3569757019631306E+000     5.1614548691055582E+000    -6.1135286669214963E+000     7.2049685808860984E+000 
                        291     7.6898558960361774E-001     2.3542865450037938E+000     5.1671918557859406E+000    -6.1029692894263130E+000     7.2217409880164238E+000 
                        292     7.6293488536018039E-001     2.3515544239987345E+000     5.1729197789252277E+000    -6.0924036776017001E+000     7.2385123672405030E+000 
                        293     7.5675409513337288E-001     2.3487783277842071E+000     5.1786386312407462E+000    -6.0818335368435834E+000     7.2552831905457964E+000 
                        294     7.5044149722278575E-001     2.3459571911018333E+000     5.1843483779472885E+000    -6.0712577261111198E+000     7.2720557409910240E+000 
                        295     7.4399538615973704E-001     2.3430899093222926E+000     5.1900489698369991E+000    -6.0606772808227767E+000     7.2888287403319749E+000 
                        296     7.3741407468542319E-001     2.3401753214107917E+000     5.1957403519592731E+000    -6.0500935845542694E+000     7.3055982323556270E+000 
                        297     7.3069589702811699E-001     2.3372122043208403E+000     5.2014224688507307E+000    -6.0395020475458407E+000     7.3223721304080280E+000 
                        298     7.2383921269456541E-001     2.3341993113354516E+000     5.2070952607014291E+000    -6.0289065414088574E+000     7.3391451309373581E+000 
                        299     7.1684241661903081E-001     2.3311353143948224E+000     5.2127586640878070E+000    -6.0183050619612519E+000     7.3559179598152369E+000 
                        300     7.0970394398813497E-001     2.3280188414933209E+000     5.2184126139534897E+000    -6.0076958544298806E+000     7.3726908602408727E+000 
                        301     7.0242227180964378E-001     2.3248484715397466E+000     5.2240570412674234E+000    -5.9970825993863803E+000     7.3894638801129693E+000 
                        302     6.9499592155930312E-001     2.3216226902825929E+000     5.2296918902962402E+000    -5.9864641798682792E+000     7.4062375439997172E+000 
                        303     6.8742346509792296E-001     2.3183399210296969E+000     5.2353171409517678E+000    -5.9758359466244846E+000     7.4230153262362650E+000 
                        304     6.7970352464106587E-001     2.3149985464050351E+000     5.2409328128260348E+000    -5.9652035498681553E+000     7.4397895074940799E+000 
                        305     6.7183478566909671E-001     2.3115968288725228E+000     5.2451244049909862E+000    -5.9572047369395813E+000     7.4523740469108670E+000 
                        306     6.6784422452204750E-001     2.3098728807590407E+000     5.2479251846472659E+000    -5.9518813894193858E+000     7.4607639639593550E+000 
                        307     6.6381600316915135E-001     2.3081331756733019E+000     5.2507236031406492E+000    -5.9465588720290006E+000     7.4691520286974207E+000 
                        308     6.5974997716138173E-001     2.3063774647288691E+000     5.2535196667541326E+000    -5.9412331933420921E+000     7.4775393772865879E+000 
                        309     6.5564600877815704E-001     2.3046055099228391E+000     5.2563133809949303E+000    -5.9359057437837732E+000     7.4859299779462045E+000 
                        310     6.5150396482265638E-001     2.3028170614067771E+000     5.2591047510653164E+000    -5.9305762261750719E+000     7.4943202333733421E+000 
                        311     6.4732371824201529E-001     2.3010118646777107E+000     5.2618937811626179E+000    -5.9252469521575932E+000     7.5027092919149396E+000 
                        312     6.4310514651989026E-001     2.2991896486316303E+000     5.2646804744267977E+000    -5.9199158466319277E+000     7.5110991334787016E+000 
                        313     6.3884813437886723E-001     2.2973501446248465E+000     5.2674648338737313E+000    -5.9145821025951912E+000     7.5194881506879883E+000 
                        314     6.3455257194376147E-001     2.2954930803408722E+000     5.2702468635333695E+000    -5.9092464848508497E+000     7.5278795452746614E+000 
                        315     6.3021835644296709E-001     2.2936181735413297E+000     5.2730265665362444E+000    -5.9039095451690082E+000     7.5362700140346535E+000 
                        316     6.2584539059349864E-001     2.2917251317879024E+000     5.2758039463115267E+000    -5.8985712178582732E+000     7.5446607785792157E+000 
                        317     6.2143358468823751E-001     2.2898136555922557E+000     5.2785790057921238E+000    -5.8932306818849822E+000     7.5530516466952786E+000 
                        318     6.1698285690228105E-001     2.2878834415694822E+000     5.2813517473665579E+000    -5.8878892857880691E+000     7.5614425203624300E+000 
                        319     6.1249313120294047E-001     2.2859341715278618E+000     5.2841221750849625E+000    -5.8825447470922674E+000     7.5698349928527060E+000 
                        320     6.0796433877361866E-001     2.2839655289207057E+000     5.2868902927282209E+000    -5.8771986030346541E+000     7.5782275559657855E+000 
                        321     6.0339641699170588E-001     2.2819771809167593E+000     5.2896561033923666E+000    -5.8718526187928921E+000     7.5866187050067868E+000 
                        322     5.9878931307394700E-001     2.2799687781083464E+000     5.2924196102174870E+000    -5.8665055590825439E+000     7.5950100324073695E+000 
                        323     5.9414297945660888E-001     2.2779399656944044E+000     5.2951808174636961E+000    -5.8611556851568851E+000     7.6034005039464212E+000 
                        324     5.8945737764891892E-001     2.2758903873614349E+000     5.2979397293493076E+000    -5.8558025681029484E+000     7.6117934879846336E+000 
                        325     5.8473247676996420E-001     2.2738196783012836E+000     5.3006963493715249E+000    -5.8504481026629565E+000     7.6201871047183944E+000 
                        326     5.7996825623080361E-001     2.2717274547094859E+000     5.3034506802061916E+000    -5.8450958521931886E+000     7.6285788243259161E+000 
                        327     5.7516470281112153E-001     2.2696133032609640E+000     5.3062027256945949E+000    -5.8397378257732990E+000     7.6369721037870013E+000 
                        328     5.7032181442735574E-001     2.2674768384400497E+000     5.3089524888047483E+000    -5.8343813006423941E+000     7.6453642280029177E+000 
                        329     5.6543959857557113E-001     2.2653176270244106E+000     5.3116999717079576E+000    -5.8290226746682858E+000     7.6537562211032917E+000 
                        330     5.6051807279326393E-001     2.2631352406596448E+000     5.3144451772821952E+000    -5.8236615716417877E+000     7.6621491980129761E+000 
                        331     5.5555726724986387E-001     2.2609292408768007E+000     5.3171881075179375E+000    -5.8182992312107169E+000     7.6705457613653545E+000 
                        332     5.5055722119842687E-001     2.2586991685861841E+000     5.3199287638373729E+000    -5.8129355930806454E+000     7.6789369585598504E+000 
                        333     5.4551798607153701E-001     2.2564445511501803E+000     5.3226671490653796E+000    -5.8075705103685467E+000     7.6873321954896605E+000 
                        334     5.4043962198487583E-001     2.2541649005206392E+000     5.3254032654763694E+000    -5.8022056482724471E+000     7.6957227166791995E+000 
                        335     5.3532220285757726E-001     2.2518597050694353E+000     5.3281371172548360E+000    -5.7968362535617635E+000     7.7041178218023383E+000 
                        336     5.3016581148552611E-001     2.2495284607030479E+000     5.3308687108695310E+000    -5.7914659341531927E+000     7.7125128543299768E+000 
                        337     5.2497054246764874E-001     2.2471706270754535E+000     5.3335980511993624E+000    -5.7860934869096949E+000     7.7209079960946729E+000 
                        338     5.1973650348738643E-001     2.2447856526691305E+000     5.3363251441013526E+000    -5.7807207261733478E+000     7.7293015736485611E+000 
                        339     5.1446381240558936E-001     2.2423729559772219E+000     5.3390499968920579E+000    -5.7753468832760921E+000     7.7376956264514121E+000 
                        340     5.0915260230627113E-001     2.2399319407475859E+000     5.3417726178598981E+000    -5.7699679152063439E+000     7.7460891319860838E+000 
                        341     5.0380302096204710E-001     2.2374620137002399E+000     5.3444930141913005E+000    -5.7645914251762065E+000     7.7544834768558113E+000 
                        342     4.9841523078873290E-001     2.2349625172605636E+000     5.3472111935688433E+000    -5.7592117714155986E+000     7.7628782864617012E+000 
                        343     4.9298941050716788E-001     2.2324328040851458E+000     5.3499271634263259E+000    -5.7538314400725117E+000     7.7712723550952232E+000 
                        344     4.8752575561315231E-001     2.2298721898125802E+000     5.3526409308340428E+000    -5.7484486411403246E+000     7.7796666049404939E+000 
                        345     4.8202447878426841E-001     2.2272799766996867E+000     5.3553525034510816E+000    -5.7430627839098776E+000     7.7880640792338536E+000 
                        346     4.7648580961242631E-001     2.2246554454839473E+000     5.3580618877272856E+000    -5.7376780953937114E+000     7.7964584023039851E+000 
                        347     4.7090999669739170E-001     2.2219978253927355E+000     5.3607690910043582E+000    -5.7322931647201898E+000     7.8048539105781636E+000 
                        348     4.6529730440226996E-001     2.2193063244719302E+000     5.3634741219319375E+000    -5.7269048073108806E+000     7.8132482037810407E+000 
                        349     4.5964801732441390E-001     2.2165801418214794E+000     5.3661769897348455E+000    -5.7215158989916333E+000     7.8216437679340274E+000 
                        350     4.5396243759393468E-001     2.2138184270136936E+000     5.3688777038830535E+000    -5.7161243916557956E+000     7.8300396782806621E+000 
                        351     4.4824088618753560E-001     2.2110203095305248E+000     5.3715762731889098E+000    -5.7107307973244801E+000     7.8384361155785225E+000 
                        352     4.4248370550979715E-001     2.2081848820674250E+000     5.3742727060449491E+000    -5.7053371335367702E+000     7.8468328924054962E+000 
                        353     4.3669125730753450E-001     2.2053111870663464E+000     5.3769670118225354E+000    -5.6999413785202711E+000     7.8552289042185111E+000 
                        354     4.3086392571387039E-001     2.2023982422742070E+000     5.3796592001360413E+000    -5.6945446597103251E+000     7.8636237836446696E+000 
                        355     4.2500211751403677E-001     2.1994450178107567E+000     5.3823492805303728E+000    -5.6891423095179432E+000     7.8720207398541815E+000 
                        356     4.1910626305010118E-001     2.1964504738146209E+000     5.3850372603026750E+000    -5.6837425214653763E+000     7.8804165589104134E+000 
                        357     4.1317681814888946E-001     2.1934134703080472E+000     5.3877231447764631E+000    -5.6783404700272317E+000     7.8888110561719857E+000 
                        358     4.0721426703772406E-001     2.1903328546581537E+000     5.3904069391050973E+000    -5.6729343626584461E+000     7.8972095365804416E+000 
                        359     4.0121911809705385E-001     2.1872074368510597E+000     5.3930886471444506E+000    -5.6675270262741950E+000     7.9056069588395896E+000 
                        360     3.9519190791418907E-001     2.1840359551918920E+000     5.3957682698415734E+000    -5.6621224085543442E+000     7.9140017660478295E+000 
                        361     3.8913320305588867E-001     2.1808170636401734E+000     5.3984458070126440E+000    -5.6567141990513798E+000     7.9223980651833923E+000 
                        362     3.8304359952684780E-001     2.1775494032658433E+000     5.4011212571542506E+000    -5.6513066618859371E+000     7.9307955719722187E+000 
                        363     3.7692372234605215E-001     2.1742315200739553E+000     5.4037946202809701E+000    -5.6458953310776936E+000     7.9391931831136278E+000 
                        364     3.7077422785659836E-001     2.1708619275434140E+000     5.4064658968517803E+000    -5.6404822556321257E+000     7.9475916204846131E+000 
                        365     3.6459580519159956E-001     2.1674390536675676E+000     5.4091350867694032E+000    -5.6350708225900705E+000     7.9559876892634422E+000 
                        366     3.5838917457373903E-001     2.1639612226366798E+000     5.4118021928827602E+000    -5.6296584975510484E+000     7.9643844816824858E+000 
                        367     3.5215509285774366E-001     2.1604266986479819E+000     5.4144672205060687E+000    -5.6242421771200473E+000     7.9727826279668763E+000 
                        368     3.4589435108201677E-001     2.1568336850524679E+000     5.4171301752942931E+000    -5.6188240848268594E+000     7.9811811216668609E+000 
                        369     3.3960777634371392E-001     2.1531802758709966E+000     5.4197910644153637E+000    -5.6134044902333304E+000     7.9895777799968801E+000 
                        370     3.3329623614581710E-001     2.1494644665354539E+000     5.4224498966259045E+000    -5.6079822487042446E+000     7.9979760507307374E+000 
                        371     3.2696064001734509E-001     2.1456841595466187E+000     5.4251066784561184E+000    -5.6025603642559663E+000     8.0063719385016334E+000 
                        372     3.2060193927752673E-001     2.1418371198586237E+000     5.4277614138947188E+000    -5.5971367109263097E+000     8.0147700622864466E+000 
                        373     3.1422112780609163E-001     2.1379210105939332E+000     5.4304141045686851E+000    -5.5917086025207707E+000     8.0231694152243911E+000 
                        374     3.0781924767497520E-001     2.1339333937806306E+000     5.4330647473481930E+000    -5.5862815928241920E+000     8.0315668204525785E+000 
                        375     3.0139738829235890E-001     2.1298716437029186E+000     5.4357133375485667E+000    -5.5808521762738552E+000     8.0399657064590322E+000 
                        376     2.9495668995401331E-001     2.1257330197731696E+000     5.4383598664864712E+000    -5.5754213408651347E+000     8.0483638907145085E+000 
                        377     2.8849834334958052E-001     2.1215146126644346E+000     5.4410043215492347E+000    -5.5699901061702928E+000     8.0567609093865382E+000 
                        378     2.8202359470677524E-001     2.1172133324010898E+000     5.4436466903788885E+000    -5.5645570152044677E+000     8.0651615297324071E+000 
                        379     2.7553374886815568E-001     2.1128259194666992E+000     5.4462869629146873E+000    -5.5591224578623155E+000     8.0735598737731014E+000 
                        380     2.6903016585083489E-001     2.1083489079399849E+000     5.4489251323559644E+000    -5.5536871675645862E+000     8.0819560247749553E+000 
                        381     2.6251427173123737E-001     2.1037786102661693E+000     5.4515611967296671E+000    -5.5482477861606387E+000     8.0903560060793591E+000 
                        382     2.5598755683047997E-001     2.0991111394897759E+000     5.4541951577660868E+000    -5.5428093579935496E+000     8.0987562953747005E+000 
                        383     2.4945157699868931E-001     2.0943422980494426E+000     5.4568270215944530E+000    -5.5373665762957112E+000     8.1071558984449226E+000 
                        384     2.4290796252497809E-001     2.0894676706595399E+000     5.4594567978883939E+000    -5.5319258151046773E+000     8.1155531975379720E+000 
                        385     2.3635841861885604E-001     2.0844824679721610E+000     5.4620845024680289E+000    -5.5264798627146936E+000     8.1239512474936433E+000 
                        386     2.2980472587818684E-001     2.0793816489828139E+000     5.4647101521730646E+000    -5.5210329983752713E+000     8.1323527361360082E+000 
                        387     2.2324875120870807E-001     2.0741597650594410E+000     5.4673337636673205E+000    -5.5155843004183911E+000     8.1407517448957005E+000 
                        388     2.1669244527174109E-001     2.0688109780079320E+000     5.4699553537194987E+000    -5.5101336826242271E+000     8.1491524864884610E+000 
                        389     2.1013785438217708E-001     2.0633290169516485E+000     5.4725749393953205E+000    -5.5046831014146305E+000     8.1575500392514311E+000 
                        390     2.0358711580949035E-001     2.0577070987848600E+000     5.4751925395238343E+000    -5.4992308581722611E+000     8.1659507572898580E+000 
                        391     1.9704247280270820E-001     2.0519379312532116E+000     5.4778081713331179E+000    -5.4937766500110605E+000     8.1743493662769815E+000 
                        392     1.9050627422205640E-001     2.0460136338805461E+000     5.4804218520911752E+000    -5.4883209312802643E+000     8.1827504231325729E+000 
                        393     1.8398098223271714E-001     2.0399256632693237E+000     5.4830336001222291E+000    -5.4828640456754751E+000     8.1911515171284552E+000 
                        394     1.7746918292083708E-001     2.0336647424369811E+000     5.4856434318506935E+000    -5.4774061598911166E+000     8.1995501548169845E+000 
                        395     1.7097358858001138E-001     2.0272207719500863E+000     5.4882513614900637E+000    -5.4719485254981937E+000     8.2079474102483907E+000 
                        396     1.6449704968440265E-001     2.0205827170893298E+000     5.4908574045992316E+000    -5.4664852593474702E+000     8.2163505821258003E+000 
                        397     1.5804256288857627E-001     2.0137386042263183E+000     5.4934615740100670E+000    -5.4610231354997909E+000     8.2247500563638063E+000 
                        398     1.5161328037205507E-001     2.0066751931063398E+000     5.4960638787214382E+000    -5.4555598665126706E+000     8.2331502799870453E+000 
                        399     1.4521252212085883E-001     1.9993779603833961E+000     5.4986643274788873E+000    -5.4500965389322413E+000     8.2415483197463644E+000 
                        400     1.3884378798416280E-001     1.9918308647307890E+000     5.5012629308550176E+000    -5.4446269170761541E+000     8.2499504758012119E+000 
                        401     1.3251076514545385E-001     1.9840162571612066E+000     5.5038596935246851E+000    -5.4391614267273027E+000     8.2583503532821574E+000 
                        402     1.2621734998657269E-001     1.9759143390157965E+000     5.5064546202018114E+000    -5.4336907286352423E+000     8.2667505204740017E+000 
                        403     1.1996766430949674E-001     1.9675032137064381E+000     5.5090477146296282E+000    -5.4282217655424354E+000     8.2751501748948488E+000 
                        404     1.1376606728560440E-001     1.9587582150394471E+000     5.5116389809137756E+000    -5.4227499368669809E+000     8.2835516995924046E+000 
                        405     1.0761718301620987E-001     1.9496516960036259E+000     5.5142284191548496E+000    -5.4172779341413992E+000     8.2919520788457444E+000 
                        406     1.0152592455206372E-001     1.9401523525743976E+000     5.5168160300930804E+000    -5.4118050077568993E+000     8.3003499838092818E+000 
                        407     9.5497517147425992E-002     1.9302246297525618E+000     5.5194018134210090E+000    -5.4063299706430277E+000     8.3087523806263075E+000 
                        408     8.9537535961866144E-002     1.9198279349025520E+000     5.5219857645642030E+000    -5.4008559362328379E+000     8.3171504342615385E+000 
                        409     8.3651942655911748E-002     1.9089155218375096E+000     5.5245678800512010E+000    -5.3953817398777826E+000     8.3255491647668141E+000 
                        410     7.7847124481007335E-002     1.8974333007140285E+000     5.5271481581097204E+000    -5.3899039285759232E+000     8.3339500574094654E+000 
                        411     7.2129948363131857E-002     1.8853182842327905E+000     5.5297265936600963E+000    -5.3844257317079887E+000     8.3423492267823480E+000 
                        412     6.6507818085306314E-002     1.8724962941861800E+000     5.5323031805152398E+000    -5.3789467068418233E+000     8.3507475434886747E+000 
                        413     6.0988750228575028E-002     1.8588792895859672E+000     5.5348779113862205E+000    -5.3734647633351935E+000     8.3591480695039220E+000 
                        414     5.5581461005470956E-002     1.8443617348687422E+000     5.5374507755139755E+000    -5.3679803501483478E+000     8.3675469244770113E+000 
                        415     5.0295471377093726E-002     1.8288155178987422E+000     5.5400217577951212E+000    -5.3624963291813277E+000     8.3759459351348919E+000 
                        416     4.5141237860823413E-002     1.8120829087415102E+000     5.5425908389277332E+000    -5.3570105979760010E+000     8.3843429780963454E+000 
                        417     4.0130323525781664E-002     1.7939669172823498E+000     5.5451579943733629E+000    -5.3515231883364649E+000     8.3927410968235936E+000 
                        418     3.5275612752463215E-002     1.7742169388489872E+000     5.5477231906721096E+000    -5.3460348421384989E+000     8.4011375474598644E+000 
                        419     3.0591595191571008E-002     1.7525072929937247E+000     5.5502863806730316E+000    -5.3405459859636322E+000     8.4095346539525746E+000 
                        420     2.6094752399755727E-002     1.7284039122543902E+000     5.5528474969881909E+000    -5.3350561039295572E+000     8.4179307904406393E+000 
                        421     2.1804089376017799E-002     1.7013102149535719E+000     5.5554064324775307E+000    -5.3295644253722614E+000     8.4263243102337313E+000 
                        422     1.7741908422912400E-002     1.6703742590937989E+000     5.5579630228299797E+000    -5.3240743656408114E+000     8.4347158008495882E+000 
                        423     1.3934922531868843E-002     1.6343173197058567E+000     5.5616238549462880E+000    -5.3162460530576361E+000     8.4467063648847951E+000 
                        424     7.2280326421786945E-003     1.5370170370432874E+000     5.5656754666784858E+000    -5.3074548719855503E+000     8.4600894091303172E+000 
                        425     4.4292535071407957E-003     1.4650029725103417E+000     5.5676741529904632E+000    -5.3031341886339414E+000     8.4666787297306492E+000 
                        426     3.2016368218876906E-003     1.4174653364785190E+000     5.5692071010835553E+000    -5.2998345045673654E+000     8.4717200700923172E+000 
                        427     1.6409787768810885E-003     1.3198670118263987E+000     5.5708433048091681E+000    -5.2962993725694627E+000     8.4771138417713807E+000 
                        428     8.0453873745346682E-004     1.2161143290007930E+000     5.5718815140563436E+000    -5.2940565344726389E+000     8.4805365667286843E+000 
                        429     4.3574775369394081E-004     1.1270354919013592E+000     5.5724944530153486E+000    -5.2927347596239303E+000     8.4825561479963572E+000 
                        430     2.2286911965942180E-004     1.0297527494321068E+000     5.5729144411058522E+000    -5.2918292858982445E+000     8.4839386647954367E+000 
                        431     1.1642980264216229E-004     9.3562008838446442E-001     5.5731748881882073E+000    -5.2912668834283751E+000     8.4847969093182716E+000 
                        432     6.3210144133477031E-005     8.4710995161634428E-001     5.5733344188536984E+000    -5.2909240858166502E+000     8.4853216480602534E+000 
                        433     3.6600314879189910E-005     7.6795824660912770E-001     5.5734300890934092E+000    -5.2907174836466915E+000     8.4856366710443556E+000 
                        434     2.3295400252046350E-005     7.0252344333828309E-001     5.5734856912089423E+000    -5.2905980821846477E+000     8.4858202153529056E+000 
                        435     1.6642942938474570E-005     6.5382643615857905E-001     5.5735271536607902E+000    -5.2905086590634474E+000     8.4859568513797790E+000 
                        436     9.9904856249027896E-006     5.7992549616001432E-001     5.5735701840487195E+000    -5.2904154082438932E+000     8.4860987557060685E+000 
                        437     4.9952428134020233E-006     4.7956380303192975E-001     5.5736050650874596E+000    -5.2903395243537803E+000     8.4862142066727611E+000 
                        438     2.4976214075961289E-006     3.7920904471730349E-001     5.5736270440526043E+000    -5.2902917932691658E+000     8.4862860672475602E+000 
                        439     1.2488107047486929E-006     2.7885877091297151E-001     5.5736408945313238E+000    -5.2902644767055742E+000     8.4863304466038869E+000 
                        440     6.2440535332497493E-007     1.7851066088866813E-001     5.5736496235694073E+000    -5.2902441855075901E+000     8.4863603995550303E+000 
                        441     3.1220267761311593E-007     7.8164536564555145E-002     5.5736551253807605E+000    -5.2902323740393351E+000     8.4863785428355989E+000 
                        442     1.5610133975718643E-007    -2.2180443004484404E-002     5.5736585934637635E+000    -5.2902259313146383E+000     8.4863891207264377E+000 
                        443     7.8050668927964750E-008    -1.2252492267001489E-001     5.5736615086195158E+000    -5.2902190446767170E+000     8.4863978651608747E+000 
