                          1                           2                           3                           4                           5                           6                           7                           8                           9                          10                          11                          12                          13                          14                          15                          16                          17                          18                          19                          20                          21                          22                          23                          24                          25                          26                          27                          28                          29                          30                          31                          32                          33                          34                          35                          36                          37                          38                          39                          40                          41                          42                          43                          44                          45 
               model_number                   num_zones                initial_mass                   initial_z                    star_age                   time_step                        Teff               photosphere_L               photosphere_r                  center_eta                   center_h1                  center_he3                  center_he4                  center_c12                  center_n14                  center_o16                 center_ne20                   star_mass                   star_mdot                star_mass_h1               star_mass_he3               star_mass_he4               star_mass_c12               star_mass_n14               star_mass_o16              star_mass_ne20                he_core_mass                 c_core_mass                 o_core_mass                si_core_mass                fe_core_mass      neutron_rich_core_mass                  tau10_mass                tau10_radius                 tau100_mass               tau100_radius                dynamic_time                kh_timescale               nuc_timescale              power_nuc_burn                power_h_burn               power_he_burn                   power_neu                   burn_min1                   burn_min2 
                        150                         481     2.0000000000000000E+001     2.0000000000000000E-002     3.2841273895811310E+002     6.4592130622000115E+000     4.0836553661976659E+003     1.7165438291745864E+004     2.6211273266883597E+002    -1.2517701983451843E+001     7.0000000000000007E-001     2.9797635251138523E-005     2.7997020236474890E-001     3.4416106108120285E-003     1.0081585468366041E-003     9.3604466091399777E-003     2.0994599496976496E-003     2.0000000000000000E+001     0.0000000000000000E+000     1.4000000000000007E+001     5.9595270502277070E-004     5.5994040472949749E+000     6.8832212216240571E-002     2.0163170936732065E-002     1.8720893218279935E-001     4.1989198993953016E-002     0.0000000000000000E+000     0.0000000000000000E+000     0.0000000000000000E+000     0.0000000000000000E+000     0.0000000000000000E+000     0.0000000000000000E+000     1.9999396873016551E+001     2.6139591544457778E+002     1.9999278262651668E+001     2.6127459286034872E+002     9.5005938188120797E+006     2.0868753785973295E+003     1.1651319156596867E+007     1.8635650288487750E-018     1.8635650288487746E-018     0.0000000000000000E+000     7.4554989674799003E-020     5.0000000000000000E+001     1.0000000000000000E+003 

                          1                           2                           3                           4                           5                           6 
                       zone                           q                        logR                        logT                      logRho                        logP 
                          1     1.0000000000000000E+000     2.4184881182129270E+000     3.6110490862624451E+000    -8.4827164308074110E+000     2.9330907682452674E+000 
                          2     9.9999999999900002E-001     2.4184881181441016E+000     3.6110491172918708E+000    -8.4827164369522521E+000     2.9330907683468155E+000 
                          3     9.9999999998709521E-001     2.4184881173247579E+000     3.6110491960105979E+000    -8.4827161272531963E+000     2.9330907686044325E+000 
                          4     9.9999999996626188E-001     2.4184881158909097E+000     3.6110492961982321E+000    -8.4827148139278634E+000     2.9330930708985776E+000 
                          5     9.9999999994542854E-001     2.4184881144570642E+000     3.6110494464796523E+000    -8.4827146764947390E+000     2.9330930713903918E+000 
                          6     9.9999999990376187E-001     2.4184881115893782E+000     3.6110496468550140E+000    -8.4827124871385955E+000     2.9330950636349420E+000 
                          7     9.9999999986209520E-001     2.4184881087217041E+000     3.6110499259502342E+000    -8.4827104758532581E+000     2.9330966940300591E+000 
                          8     9.9999999978769039E-001     2.4184881036008816E+000     3.6110502837660268E+000    -8.4827080279379885E+000     2.9330998248405997E+000 
                          9     9.9999999971328557E-001     2.4184880984800867E+000     3.6110508061778814E+000    -8.4827051810627054E+000     2.9331033958912278E+000 
                         10     9.9999999957042840E-001     2.4184880886482283E+000     3.6110514931894424E+000    -8.4826994062841692E+000     2.9331102264440538E+000 
                         11     9.9999999942757123E-001     2.4184880788164991E+000     3.6110525237131048E+000    -8.4826921198218486E+000     2.9331188427915862E+000 
                         12     9.9999999914185678E-001     2.4184880591533671E+000     3.6110538977640299E+000    -8.4826830157818645E+000     2.9331287535028681E+000 
                         13     9.9999999885614232E-001     2.4184880394906449E+000     3.6110559588641538E+000    -8.4826689490140534E+000     2.9331448481474993E+000 
                         14     9.9999999828471353E-001     2.4184880001664650E+000     3.6110587070766518E+000    -8.4826492606024111E+000     2.9331678509399968E+000 
                         15     9.9999999771328474E-001     2.4184879608440593E+000     3.6110628294983198E+000    -8.4826203878974358E+000     2.9331997557179728E+000 
                         16     9.9999999657042704E-001     2.4184878822044427E+000     3.6110683263551850E+000    -8.4825816541384249E+000     2.9332440542295393E+000 
                         17     9.9999999542756934E-001     2.4184878035717938E+000     3.6110765720486930E+000    -8.4825244264428026E+000     2.9333099847040871E+000 
                         18     9.9999999314185395E-001     2.4184876463270975E+000     3.6110875674856797E+000    -8.4824472416157040E+000     2.9333983748200674E+000 
                         19     9.9999999085613855E-001     2.4184874891101709E+000     3.6111040622670236E+000    -8.4823323160228643E+000     2.9335296926311147E+000 
                         20     9.9999998628470788E-001     2.4184871747590027E+000     3.6111260600154966E+000    -8.4821779832438224E+000     2.9337057745579216E+000 
                         21     9.9999998171327720E-001     2.4184868605188417E+000     3.6111590631666441E+000    -8.4819471909336777E+000     2.9339692379442108E+000 
                         22     9.9999997257041573E-001     2.4184862323703746E+000     3.6112030863442044E+000    -8.4816410793673747E+000     2.9343200052755138E+000 
                         23     9.9999996342755426E-001     2.4184856046617771E+000     3.6112691468375369E+000    -8.4811816768501416E+000     2.9348451736005758E+000 
                         24     9.9999994514183133E-001     2.4184843505637241E+000     3.6113573028429702E+000    -8.4805698353813082E+000     2.9355446139120622E+000 
                         25     9.9999992685610839E-001     2.4184830982203835E+000     3.6114896395215244E+000    -8.4796545788556283E+000     2.9365926241510119E+000 
                         26     9.9999989028466252E-001     2.4184805987742708E+000     3.6116663874845933E+000    -8.4784376348128969E+000     2.9379852223738880E+000 
                         27     9.9999985371321665E-001     2.4184781062791201E+000     3.6119319142912718E+000    -8.4766219365952153E+000     2.9400661950653921E+000 
                         28     9.9999978057032501E-001     2.4184731419587076E+000     3.6122871259566773E+000    -8.4742160605782004E+000     2.9428253045117634E+000 
                         29     9.9999970742743338E-001     2.4184682048944395E+000     3.6128215200433513E+000    -8.4706423465214034E+000     2.9469331100024947E+000 
                         30     9.9999956114165001E-001     2.4184584111862830E+000     3.6135385911463929E+000    -8.4659405286679767E+000     2.9523493057346331E+000 
                         31     9.9999941485586663E-001     2.4184487222842566E+000     3.6146201526914967E+000    -8.4590186984452593E+000     2.9603504954381745E+000 
                         32     9.9999912228429999E-001     2.4184296489828023E+000     3.6160791541241801E+000    -8.4500278817171974E+000     2.9707966541192743E+000 
                         33     9.9999882971273335E-001     2.4184109640434088E+000     3.6182887697337298E+000    -8.4370187766763571E+000     2.9860120564204458E+000 
                         34     9.9999824456960007E-001     2.4183746900790730E+000     3.6212931167038263E+000    -8.4205237114377649E+000     3.0055087475857096E+000 
                         35     9.9999765942646679E-001     2.4183397594213321E+000     3.6238389873096075E+000    -8.4074615966626336E+000     3.0211182286211766E+000 
                         36     9.9999726933104460E-001     2.4183171577950988E+000     3.6258939484991184E+000    -8.3974197422820662E+000     3.0332158503222013E+000 
                         37     9.9999687923562242E-001     2.4182950693640226E+000     3.6289994052995271E+000    -8.3829862452859913E+000     3.0507581086889837E+000 
                         38     9.9999609904477804E-001     2.4182523269926826E+000     3.6332063276241846E+000    -8.3648471872710068E+000     3.0731058249018184E+000 
                         39     9.9999531885393367E-001     2.4182113212032301E+000     3.6374608497361858E+000    -8.3478409101834075E+000     3.0943658770421560E+000 
                         40     9.9999453866308929E-001     2.4181718791447921E+000     3.6417483343162242E+000    -8.3318524178165951E+000     3.1146430366575939E+000 
                         41     9.9999375847224492E-001     2.4181338525634839E+000     3.6460741969808583E+000    -8.3167134899885902E+000     3.1341119336171501E+000 
                         42     9.9999297072094706E-001     2.4180967632062544E+000     3.6504228837386310E+000    -8.3023408512199737E+000     3.1528403125159019E+000 
                         43     9.9999218296964920E-001     2.4180608721583248E+000     3.6569072951512522E+000    -8.2821643988890834E+000     3.1795071836854794E+000 
                         44     9.9999060746705337E-001     2.4179923239136585E+000     3.6654442880920657E+000    -8.2574867970652281E+000     3.2127165178545920E+000 
                         45     9.9998903196445754E-001     2.4179275323074245E+000     3.6717284562194936E+000    -8.2404055722643683E+000     3.2360678629074271E+000 
                         46     9.9998824421315968E-001     2.4178963756075165E+000     3.6758604398893815E+000    -8.2296281199994255E+000     3.2509694793057569E+000 
                         47     9.9998745646186182E-001     2.4178659761150167E+000     3.6820174924528120E+000    -8.2142043309824100E+000     3.2725475199623224E+000 
                         48     9.9998586576105264E-001     2.4178067141007080E+000     3.6901493097909031E+000    -8.1950517736517607E+000     3.2998447247417735E+000 
                         49     9.9998427506024345E-001     2.4177499860530749E+000     3.6982814318930091E+000    -8.1775128562088479E+000     3.3255391632094926E+000 
                         50     9.9998268435943427E-001     2.4176954823804495E+000     3.7045347454139899E+000    -8.1654558554653729E+000     3.3438666044877166E+000 
                         51     9.9998188900902973E-001     2.4176689692933775E+000     3.7087887698337658E+000    -8.1579166831500309E+000     3.3556719864332307E+000 
                         52     9.9998109365862520E-001     2.4176429077586157E+000     3.7154114836115726E+000    -8.1473193743183661E+000     3.3729119631594768E+000 
                         53     9.9997948770765011E-001     2.4175915397655192E+000     3.7251367049140502E+000    -8.1350330898328327E+000     3.3949607053669997E+000 
                         54     9.9997788175667501E-001     2.4175415871428321E+000     3.7333275599501157E+000    -8.1274249124890456E+000     3.4108012608090794E+000 
                         55     9.9997707878118747E-001     2.4175170382519200E+000     3.7391502504466470E+000    -8.1230340174300704E+000     3.4210489719435495E+000 
                         56     9.9997627580569992E-001     2.4174927322088391E+000     3.7486023996893443E+000    -8.1176169196623764E+000     3.4359872179028810E+000 
                         57     9.9997466985472483E-001     2.4174447107166310E+000     3.7603184595570145E+000    -8.1149538957885969E+000     3.4504797010128216E+000 
                         58     9.9997385923697413E-001     2.4174206136247971E+000     3.7691916077870879E+000    -8.1144833928105911E+000     3.4599401099383718E+000 
                         59     9.9997304861922343E-001     2.4173965386196925E+000     3.7795901888439016E+000    -8.1157973942551660E+000     3.4692013020936980E+000 
                         60     9.9997223800147272E-001     2.4173723866402801E+000     3.7890646767823171E+000    -8.1186508584987180E+000     3.4760217864889711E+000 
                         61     9.9997183269259737E-001     2.4173602295214311E+000     3.7960950934793556E+000    -8.1213851750834536E+000     3.4805090839230148E+000 
                         62     9.9997142738372202E-001     2.4173479945892318E+000     3.8040583302688398E+000    -8.1251714126744172E+000     3.4849521440141600E+000 
                         63     9.9997102207484667E-001     2.4173356514771731E+000     3.8131002995424974E+000    -8.1301858597674954E+000     3.4893500418514263E+000 
                         64     9.9997061676597132E-001     2.4173231639523456E+000     3.8231271819197663E+000    -8.1363804546748995E+000     3.4937051515271063E+000 
                         65     9.9997021145709597E-001     2.4173104959337257E+000     3.8335448787742386E+000    -8.1431963231033713E+000     3.4980176884167196E+000 
                         66     9.9996980614822062E-001     2.4172976263983577E+000     3.8410728466848743E+000    -8.1481600467067512E+000     3.5012241228384009E+000 
                         67     9.9996960349378294E-001     2.4172911172276135E+000     3.8458737744204172E+000    -8.1513174147705740E+000     3.5033479246962069E+000 
                         68     9.9996940083934527E-001     2.4172845602661512E+000     3.8526977238354769E+000    -8.1557561664671123E+000     3.5065173955255764E+000 
                         69     9.9996899553046992E-001     2.4172713107173807E+000     3.8608233033714039E+000    -8.1608019728890770E+000     3.5107074580937585E+000 
                         70     9.9996859022159457E-001     2.4172579050982206E+000     3.8662532669323788E+000    -8.1639928009881011E+000     3.5138219343334858E+000 
                         71     9.9996838756715689E-001     2.4172511523905800E+000     3.8696644525712083E+000    -8.1659467019924517E+000     3.5158873004930813E+000 
                         72     9.9996818491271922E-001     2.4172443689167702E+000     3.8745225017719953E+000    -8.1686579003957256E+000     3.5189835241306997E+000 
                         73     9.9996777578167928E-001     2.4172305872891817E+000     3.8803685861479709E+000    -8.1716884451419212E+000     3.5230956963746651E+000 
                         74     9.9996736665063934E-001     2.4172167078299220E+000     3.8869760808183718E+000    -8.1748854010931211E+000     3.5281803489174175E+000 
                         75     9.9996675295407944E-001     2.4171957322950686E+000     3.8939200584469482E+000    -8.1778338380371984E+000     3.5342043315436076E+000 
                         76     9.9996613925751954E-001     2.4171746108014536E+000     3.8990657688669539E+000    -8.1797343692895605E+000     3.5391633322867375E+000 
                         77     9.9996573012647960E-001     2.4171604663275899E+000     3.9028907404299256E+000    -8.1810267428334438E+000     3.5430909080081743E+000 
                         78     9.9996532099543967E-001     2.4171462783115802E+000     3.9082402877245337E+000    -8.1826852105939381E+000     3.5489162332437623E+000 
                         79     9.9996450273335991E-001     2.4171177895121305E+000     3.9145567810661035E+000    -8.1841803110391869E+000     3.5565640718742180E+000 
                         80     9.9996368447128015E-001     2.4170891968316819E+000     3.9202161008053444E+000    -8.1851570791658670E+000     3.5640868920798807E+000 
                         81     9.9996286620920039E-001     2.4170605341037175E+000     3.9253411573191461E+000    -8.1857118482323870E+000     3.5714799527170693E+000 
                         82     9.9996204794712062E-001     2.4170318290514095E+000     3.9300345442759745E+000    -8.1859297430019957E+000     3.5787690872000617E+000 
                         83     9.9996122586843472E-001     2.4170029699006723E+000     3.9343727762260015E+000    -8.1858705250312340E+000     3.5859730282196489E+000 
                         84     9.9996039997314279E-001     2.4169739749274588E+000     3.9403946389006044E+000    -8.1855289752592704E+000     3.5965828658740255E+000 
                         85     9.9995874818255892E-001     2.4169160131639340E+000     3.9465362169668943E+000    -8.1843201932663501E+000     3.6086684407401544E+000 
                         86     9.9995750553030560E-001     2.4168725141285115E+000     3.9505428791221875E+000    -8.1831970161727074E+000     3.6171210744839408E+000 
                         87     9.9995667582569836E-001     2.4168435380871292E+000     3.9550736428016124E+000    -8.1817837727740326E+000     3.6270641002020301E+000 
                         88     9.9995501641648377E-001     2.4167857569693454E+000     3.9611905510397598E+000    -8.1791829638194429E+000     3.6415724506436193E+000 
                         89     9.9995294215496555E-001     2.4167139296672575E+000     3.9660313057579777E+000    -8.1763963192315448E+000     3.6540807333079788E+000 
                         90     9.9995169759805458E-001     2.4166710919657506E+000     3.9694377052666150E+000    -8.1742196118257606E+000     3.6632584836942512E+000 
                         91     9.9995044732717064E-001     2.4166282600682933E+000     3.9737162735958074E+000    -8.1712280272929458E+000     3.6752311366660728E+000 
                         92     9.9994836354236416E-001     2.4165573357597046E+000     3.9791049671987100E+000    -8.1668018394018205E+000     3.6912580848641201E+000 
                         93     9.9994584017000365E-001     2.4164722745854519E+000     3.9844387961991030E+000    -8.1616774887203540E+000     3.7081769827533870E+000 
                         94     9.9994331679764314E-001     2.4163881620384857E+000     3.9884971172782602E+000    -8.1572044591582973E+000     3.7217966564837495E+000 
                         95     9.9994163454940277E-001     2.4163326348149723E+000     3.9923465334707164E+000    -8.1527380708116759E+000     3.7350825660135940E+000 
                         96     9.9993908833885392E-001     2.4162494101750562E+000     3.9969893748724288E+000    -8.1467605519607336E+000     3.7518375044304837E+000 
                         97     9.9993611775988034E-001     2.4161535827603320E+000     4.0019295791700609E+000    -8.1397562783164492E+000     3.7704710586231132E+000 
                         98     9.9993270373152876E-001     2.4160451356639996E+000     4.0064783548758989E+000    -8.1326309131871355E+000     3.7884255833830482E+000 
                         99     9.9992970643922063E-001     2.4159514101565587E+000     4.0095959710382507E+000    -8.1273593382635578E+000     3.8011717668985021E+000 
                        100     9.9992799370075891E-001     2.4158984720776013E+000     4.0123361352935092E+000    -8.1226322813609446E+000     3.8125101371116235E+000 
                        101     9.9992540160563825E-001     2.4158191855608950E+000     4.0159924912248099E+000    -8.1159984002295822E+000     3.8279911295495030E+000 
                        102     9.9992193391881989E-001     2.4157146581707098E+000     4.0204003919404432E+000    -8.1074970608192487E+000     3.8471769452903093E+000 
                        103     9.9991759449363404E-001     2.4155862861286250E+000     4.0235893297726752E+000    -8.1008042122032915E+000     3.8615737124434353E+000 
                        104     9.9991585101689906E-001     2.4155354666328517E+000     4.0258091321108465E+000    -8.0961234076419650E+000     3.8716275591806029E+000 
                        105     9.9991322804307503E-001     2.4154597977927263E+000     4.0292330917079857E+000    -8.0886974691672773E+000     3.8873305059985648E+000 
                        106     9.9990883055762991E-001     2.4153350013281623E+000     4.0336749057479970E+000    -8.0785573753437223E+000     3.9081658751656567E+000 
                        107     9.9990352229655965E-001     2.4151876960871461E+000     4.0374628992984292E+000    -8.0693845619946210E+000     3.9264039664184520E+000 
                        108     9.9989995726522352E-001     2.4150907516600992E+000     4.0403732734845876E+000    -8.0622002698962394E+000     3.9405352636118889E+000 
                        109     9.9989639223388738E-001     2.4149953343654365E+000     4.0435247350384556E+000    -8.0542677050447047E+000     3.9559675865446478E+000 
                        110     9.9989190828773711E-001     2.4148774078183597E+000     4.0468830215843905E+000    -8.0455661999068813E+000     3.9726161499580881E+000 
                        111     9.9988739253588643E-001     2.4147609063497986E+000     4.0497880805544240E+000    -8.0378504516983327E+000     3.9871623573680206E+000 
                        112     9.9988376388615718E-001     2.4146688733798189E+000     4.0522939833438132E+000    -8.0311048930682052E+000     3.9997670595479184E+000 
                        113     9.9988011918817921E-001     2.4145778005071983E+000     4.0556465828317014E+000    -8.0220224945744381E+000     4.0166364315177523E+000 
                        114     9.9987370048718527E-001     2.4144205961287439E+000     4.0597208846047028E+000    -8.0106412916266390E+000     4.0373561414219301E+000 
                        115     9.9986723291179547E-001     2.4142661257176110E+000     4.0627864654949608E+000    -8.0018468409170609E+000     4.0530694225693260E+000 
                        116     9.9986352314760862E-001     2.4141792261280233E+000     4.0655171675483075E+000    -7.9940219734183540E+000     4.0669916386371741E+000 
                        117     9.9985790901444804E-001     2.4140499693013315E+000     4.0694908951142006E+000    -7.9825079994953541E+000     4.0872481039566724E+000 
                        118     9.9984942954303202E-001     2.4138596403088162E+000     4.0735468097947072E+000    -7.9704672571341426E+000     4.1080393147890941E+000 
                        119     9.9984277104086872E-001     2.4137141025160256E+000     4.0767466691339243E+000    -7.9609151800660420E+000     4.1243856731543271E+000 
                        120     9.9983702263368379E-001     2.4135910763367603E+000     4.0791472013904242E+000    -7.9537063101871093E+000     4.1366310712885825E+000 
                        121     9.9983317905609159E-001     2.4135101140462831E+000     4.0819903857250948E+000    -7.9452448021136366E+000     4.1509992380612735E+000 
                        122     9.9982542342993619E-001     2.4133497657162577E+000     4.0852170133180135E+000    -7.9355370366896700E+000     4.1673184346549101E+000 
                        123     9.9981955487940610E-001     2.4132310004797435E+000     4.0879341804476956E+000    -7.9273957836325044E+000     4.1809541728838209E+000 
                        124     9.9981365145679468E-001     2.4131136525908641E+000     4.0919445287552669E+000    -7.9155161397711629E+000     4.2008301136078696E+000 
                        125     9.9980173935832473E-001     2.4128829767890085E+000     4.0962575200594156E+000    -7.9026576486845785E+000     4.2220993116913625E+000 
                        126     9.9979370347446128E-001     2.4127317036306977E+000     4.0996557089123424E+000    -7.8926520136382488E+000     4.2386033540646242E+000 
                        127     9.9978559591354821E-001     2.4125824023028848E+000     4.1030041576757297E+000    -7.8828773038777777E+000     4.2546609546947289E+000 
                        128     9.9977741601643011E-001     2.4124349703283712E+000     4.1063100349307158E+000    -7.8733231337562852E+000     4.2703058851785789E+000 
                        129     9.9976916312022135E-001     2.4122893118764734E+000     4.1095798728606567E+000    -7.8639844524116249E+000     4.2855582397042982E+000 
                        130     9.9976083656223702E-001     2.4121453357158229E+000     4.1128197224499203E+000    -7.8548559756632050E+000     4.3004409957041005E+000 
                        131     9.9975243567780225E-001     2.4120029550082345E+000     4.1160352347850138E+000    -7.8459286700576341E+000     4.3149787773225761E+000 
                        132     9.9974395979884401E-001     2.4118620882733128E+000     4.1208427251591324E+000    -7.8329055885112853E+000     4.3362070106889945E+000 
                        133     9.9972678035504803E-001     2.4115846047528398E+000     4.1271909743207891E+000    -7.8162112368917986E+000     4.3634073272270113E+000 
                        134     9.9970929276725717E-001     2.4113122792156250E+000     4.1335317197759087E+000    -7.8002450391251621E+000     4.3895106066222356E+000 
                        135     9.9969149149315806E-001     2.4110445761182904E+000     4.1399005900917247E+000    -7.7849721487583379E+000     4.4146251021343419E+000 
                        136     9.9967337091955633E-001     2.4107810047246478E+000     4.1463299931862139E+000    -7.7703600191768745E+000     4.4388369708558555E+000 
                        137     9.9965492535237788E-001     2.4105211136221238E+000     4.1528482866629552E+000    -7.7563868217841581E+000     4.4622202226436318E+000 
                        138     9.9963614900843734E-001     2.4102644809065570E+000     4.1594793206458309E+000    -7.7430273016489481E+000     4.4848521419365772E+000 
                        139     9.9961703601146690E-001     2.4100107134891990E+000     4.1662411346074428E+000    -7.7302595645994314E+000     4.5067868067667911E+000 
                        140     9.9959758039305757E-001     2.4097594427428093E+000     4.1731425854195026E+000    -7.7180515858709571E+000     4.5280782541815254E+000 
                        141     9.9957777609124798E-001     2.4095103282316210E+000     4.1801794829498009E+000    -7.7063566042788532E+000     4.5487787642439930E+000 
                        142     9.9955761695019063E-001     2.4092630641117734E+000     4.1873313758127972E+000    -7.6951242285300214E+000     4.5689259508272544E+000 
                        143     9.9953709671656488E-001     2.4090173792335219E+000     4.1945575830306447E+000    -7.6842966079413717E+000     4.5885615486812847E+000 
                        144     9.9951620903672267E-001     2.4087730396976665E+000     4.2017955577452382E+000    -7.6738058584152844E+000     4.6077173138148328E+000 
                        145     9.9949494745289347E-001     2.4085298530669843E+000     4.2089673571661290E+000    -7.6635645556164285E+000     4.6264237399919157E+000 
                        146     9.9947330540031276E-001     2.4082876780881346E+000     4.2159937171915374E+000    -7.6534824910790764E+000     4.6447133955451640E+000 
                        147     9.9945127620617513E-001     2.4080464252058995E+000     4.2228057165836859E+000    -7.6434892543122759E+000     4.6626089457259559E+000 
                        148     9.9942885308783136E-001     2.4078060447675078E+000     4.2293523254247640E+000    -7.6335291976694304E+000     4.6801356816407118E+000 
                        149     9.9940602915152621E-001     2.4075665183248747E+000     4.2356068023409996E+000    -7.6235745811930631E+000     4.6973140454078566E+000 
                        150     9.9938279739071711E-001     2.4073278428846949E+000     4.2415657457934666E+000    -7.6136189250723971E+000     4.7141637366675182E+000 
                        151     9.9935915068386771E-001     2.4070900190567466E+000     4.2472421001176270E+000    -7.6036664093929103E+000     4.7307038320341652E+000 
                        152     9.9933508179195740E-001     2.4068530451788419E+000     4.2526578676799494E+000    -7.5937262742585441E+000     4.7469527762200245E+000 
                        153     9.9931058335635248E-001     2.4066169145882266E+000     4.2578389289238201E+000    -7.5838143890432708E+000     4.7629215944417833E+000 
                        154     9.9928564789601482E-001     2.4063816120804140E+000     4.2628123345137778E+000    -7.5739475724366958E+000     4.7786260030814365E+000 
                        155     9.9926026780538280E-001     2.4061471134991206E+000     4.2676046561244299E+000    -7.5641380122541451E+000     4.7940806025065372E+000 
                        156     9.9923443535207290E-001     2.4059133883315433E+000     4.2722410213854225E+000    -7.5543947108959699E+000     4.8092986994262557E+000 
                        157     9.9920814267494762E-001     2.4056804014856921E+000     4.2767448960214685E+000    -7.5447341428427483E+000     4.8242875066857707E+000 
                        158     9.9918138178200933E-001     2.4054481093296309E+000     4.2811382598984711E+000    -7.5351663513793241E+000     4.8390625692895268E+000 
                        159     9.9915414454802243E-001     2.4052164631925241E+000     4.2854416046571089E+000    -7.5256969135193845E+000     4.8536303982990407E+000 
                        160     9.9912642271247498E-001     2.4049854117670586E+000     4.2896735382751165E+000    -7.5163372502924055E+000     4.8680030414185884E+000 
                        161     9.9909820787711046E-001     2.4047548979964972E+000     4.2938507494920675E+000    -7.5070911414088455E+000     4.8821875704135280E+000 
                        162     9.9906949150385493E-001     2.4045248631348555E+000     4.3000996855111042E+000    -7.4934269448699276E+000     4.9032098172561653E+000 
                        163     9.9901051927803741E-001     2.4040660027145861E+000     4.3083085867581579E+000    -7.4756757944150003E+000     4.9305455130102755E+000 
                        164     9.9894943484360010E-001     2.4036082959435627E+000     4.3144543225927512E+000    -7.4627155098234814E+000     4.9506172212490158E+000 
                        165     9.9891779972885719E-001     2.4033776751109621E+000     4.3185829411701828E+000    -7.4542482929899201E+000     4.9638299479245784E+000 
                        166     9.9888616461411428E-001     2.4031511496410674E+000     4.3248375659885436E+000    -7.4418100832070380E+000     4.9834079702386349E+000 
                        167     9.9882063252236009E-001     2.4026940733302697E+000     4.3332903770687228E+000    -7.4257340789442559E+000     5.0090274792408804E+000 
                        168     9.9875275993329860E-001     2.4022364320725873E+000     4.3397493976115493E+000    -7.4140698345736018E+000     5.0279031552509013E+000 
                        169     9.9871761274874005E-001     2.4020051773926050E+000     4.3441258499106663E+000    -7.4064638530672315E+000     5.0403541376100254E+000 
                        170     9.9868246556418150E-001     2.4017775770911820E+000     4.3508053452630682E+000    -7.3953116496681295E+000     5.0588410991805990E+000 
                        171     9.9860966539942597E-001     2.4013170082375530E+000     4.3599443031517620E+000    -7.3809719747692633E+000     5.0831031875705683E+000 
                        172     9.9853427258861349E-001     2.4008540543393733E+000     4.3669732329982756E+000    -7.3706016897177316E+000     5.1010232723705409E+000 
                        173     9.9849523496329318E-001     2.4006194330501218E+000     4.3717340243362450E+000    -7.3638364218150221E+000     5.1128666701983478E+000 
                        174     9.9845619733797286E-001     2.4003880662008017E+000     4.3789770572600597E+000    -7.3538991115356032E+000     5.1304772038236601E+000 
                        175     9.9837534679893092E-001     2.3999185890367407E+000     4.3887766455063053E+000    -7.3410356189740407E+000     5.1536437739062197E+000 
                        176     9.9829162496540869E-001     2.3994450876495885E+000     4.3986947434448709E+000    -7.3285450038691300E+000     5.1764906767624268E+000 
                        177     9.9820493256414800E-001     2.3989671181933478E+000     4.4061600489301878E+000    -7.3193796247021483E+000     5.1934169897252174E+000 
                        178     9.9816004974741424E-001     2.3987242250374696E+000     4.4111567330525912E+000    -7.3133536546144917E+000     5.2046214477667583E+000 
                        179     9.9811516693068048E-001     2.3984842790081284E+000     4.4186718531123059E+000    -7.3044302969535400E+000     5.2213132614053723E+000 
                        180     9.9802222187790168E-001     2.3979962696377126E+000     4.4286243382076158E+000    -7.2926812378648096E+000     5.2433264316361239E+000 
                        181     9.9792598753336026E-001     2.3975028060395625E+000     4.4385091806950125E+000    -7.2810877179955265E+000     5.2650906541731484E+000 
                        182     9.9782635014343590E-001     2.3970036425792789E+000     4.4458343227120887E+000    -7.2724518471532056E+000     5.2812510240105111E+000 
                        183     9.9777477101643186E-001     2.3967496690666219E+000     4.4507059142462619E+000    -7.2667365794583967E+000     5.2919647016295661E+000 
                        184     9.9772319188942782E-001     2.3964985782925003E+000     4.4555515554973368E+000    -7.2610450274201144E+000     5.3026252723418041E+000 
                        185     9.9766979129046929E-001     2.3962415543896385E+000     4.4603677651709237E+000    -7.2553743410302323E+000     5.3132330326282311E+000 
                        186     9.9761639069151076E-001     2.3959874164107759E+000     4.4675716092754580E+000    -7.2469263150729955E+000     5.3290667622639578E+000 
                        187     9.9750581998822974E-001     2.3954699612726835E+000     4.4770281307124868E+000    -7.2356907951191509E+000     5.3499934011925454E+000 
                        188     9.9739134846600397E-001     2.3949460513648777E+000     4.4863630602629261E+000    -7.2245096847099370E+000     5.3707407651148893E+000 
                        189     9.9727283977528214E-001     2.3944155214261000E+000     4.4932501643700373E+000    -7.2161296734286351E+000     5.3861785200904722E+000 
                        190     9.9721149601804038E-001     2.3941454048675395E+000     4.4978234662910603E+000    -7.2105692441733762E+000     5.3964273272020682E+000 
                        191     9.9715015226079862E-001     2.3938782293137786E+000     4.5023659257468269E+000    -7.2050117050999694E+000     5.4066386614473601E+000 
                        192     9.9708664551863280E-001     2.3936046395868611E+000     4.5068745408446453E+000    -7.1994577484738596E+000     5.4168101245619935E+000 
                        193     9.9702313877646698E-001     2.3933340181800316E+000     4.5136101900566787E+000    -7.1911578818117219E+000     5.4320139337965392E+000 
                        194     9.9689164673629760E-001     2.3927827352217483E+000     4.5224223115171434E+000    -7.1800595166449286E+000     5.4521473185364773E+000 
                        195     9.9675551860005440E-001     2.3922242788644748E+000     4.5310858662079845E+000    -7.1689460856752785E+000     5.4721471704602509E+000 
                        196     9.9661459333673796E-001     2.3916585569205706E+000     4.5374424874887449E+000    -7.1605626711506529E+000     5.4870568160559205E+000 
                        197     9.9654165137141393E-001     2.3913704928456596E+000     4.5416501717376221E+000    -7.1549800359373306E+000     5.4969610900482468E+000 
                        198     9.9646870940608989E-001     2.3910855446018600E+000     4.5479146716383223E+000    -7.1466086688009201E+000     5.5117826458658516E+000 
                        199     9.9631770774986483E-001     2.3905051857570321E+000     4.5560388051037553E+000    -7.1353414256142091E+000     5.5314261261637947E+000 
                        200     9.9616143342991215E-001     2.3899175784153752E+000     4.5639444250604804E+000    -7.1239731383789815E+000     5.5509600726587012E+000 
                        201     9.9599973558224630E-001     2.3893228632352592E+000     4.5716125399499052E+000    -7.1124848669803491E+000     5.5703859652009005E+000 
                        202     9.9583246014376647E-001     2.3887212141930907E+000     4.5790267187940836E+000    -7.1008638461273321E+000     5.5897094694098373E+000 
                        203     9.9565944386874339E-001     2.3881128101913962E+000     4.5861752877266078E+000    -7.0890930288748102E+000     5.6089298641935939E+000 
                        204     9.9548051171296348E-001     2.3874978347914859E+000     4.5930527912821022E+000    -7.0771665107097244E+000     5.6280543728350665E+000 
                        205     9.9529547590459599E-001     2.3868764607156727E+000     4.5996600743843246E+000    -7.0650814958493608E+000     5.6470843776163093E+000 
                        206     9.9510413671811448E-001     2.3862488509020245E+000     4.6060031833771040E+000    -7.0528432893021806E+000     5.6660241820546702E+000 
                        207     9.9490628379297430E-001     2.3856151533550309E+000     4.6120930200667907E+000    -7.0404580029336952E+000     5.6848820346326345E+000 
                        208     9.9470169667890040E-001     2.3849755031322419E+000     4.6179449026721962E+000    -7.0279335134797645E+000     5.7036638420544445E+000 
                        209     9.9449014540367486E-001     2.3843300226317790E+000     4.6235772480120145E+000    -7.0152844286991627E+000     5.7223684069626186E+000 
                        210     9.9427139004571152E-001     2.3836788110357237E+000     4.6290102255464651E+000    -7.0025228397146062E+000     5.7410069790904590E+000 
                        211     9.9404517946365267E-001     2.3830219449118819E+000     4.6342645705632455E+000    -6.9896641829023523E+000     5.7595776191476906E+000 
                        212     9.9381125250489100E-001     2.3823594774386874E+000     4.6393608037857295E+000    -6.9767176983574242E+000     5.7780905842766455E+000 
                        213     9.9356933926701263E-001     2.3816914517430661E+000     4.6443187744147458E+000    -6.9637037784103777E+000     5.7965458476424585E+000 
                        214     9.9331916096791517E-001     2.3810178834524987E+000     4.6491571950679376E+000    -6.9506372231536089E+000     5.8149473845595754E+000 
                        215     9.9306042681811513E-001     2.3803387607839404E+000     4.6538934325295793E+000    -6.9375299047026129E+000     5.8332989659962315E+000 
                        216     9.9279283160454790E-001     2.3796540435660809E+000     4.6585436963581435E+000    -6.9243937103475481E+000     5.8516050779098467E+000 
                        217     9.9251605667243881E-001     2.3789636669062326E+000     4.6631232094898047E+000    -6.9112351401007270E+000     5.8698721476224476E+000 
                        218     9.9222977637981902E-001     2.3782675664176955E+000     4.6676460918789271E+000    -6.8980655253106855E+000     5.8881012408619782E+000 
                        219     9.9193366517223769E-001     2.3775656867205313E+000     4.6721251964423738E+000    -6.8848922841356677E+000     5.9062899847666142E+000 
                        220     9.9162739795749610E-001     2.3768579862806454E+000     4.6754361948265428E+000    -6.8750290887826448E+000     5.9198631075806052E+000 
                        221     9.9147035431810271E-001     2.3765019436099006E+000     4.6787858312821102E+000    -6.8651408808092595E+000     5.9335103235970008E+000 
                        222     9.9114824378923660E-001     2.3757854589954905E+000     4.6832056496594214E+000    -6.8520023940426862E+000     5.9516115945810197E+000 
                        223     9.9081516335026065E-001     2.3750630703815903E+000     4.6876204983777745E+000    -6.8388956478653098E+000     5.9696799396704661E+000 
                        224     9.9047078311292991E-001     2.3743347385152207E+000     4.6920405476465410E+000    -6.8258299541449272E+000     5.9877147534603878E+000 
                        225     9.9011476729886827E-001     2.3736004129211001E+000     4.6964756155170653E+000    -6.8128131136357251E+000     6.0057148464323644E+000 
                        226     9.8974677161279623E-001     2.3728600284175783E+000     4.7009352036409551E+000    -6.7998535467308807E+000     6.0236787031750048E+000 
                        227     9.8936644170131927E-001     2.3721135008181720E+000     4.7054284692892869E+000    -6.7869547919830753E+000     6.0416119771248828E+000 
                        228     9.8897341227567992E-001     2.3713607337144196E+000     4.7099641281422455E+000    -6.7741270522969943E+000     6.0595064807926580E+000 
                        229     9.8856730752415856E-001     2.3706016079569938E+000     4.7133799931197231E+000    -6.7645794955279976E+000     6.0728614175402029E+000 
                        230     9.8835923176848284E-001     2.3702196094739185E+000     4.7168641803793756E+000    -6.7550318195559127E+000     6.0862868500613132E+000 
                        231     9.8793278902116888E-001     2.3694506929350099E+000     4.7215414180899486E+000    -6.7424110719031951E+000     6.1040962475887621E+000 
                        232     9.8749229381366344E-001     2.3686750609252742E+000     4.7262888594246943E+000    -6.7298837494719468E+000     6.1218713296408644E+000 
                        233     9.8703734572963786E-001     2.3678925574988892E+000     4.7298831759707323E+000    -6.7205760357578104E+000     6.1351403368742830E+000 
                        234     9.8680432607019053E-001     2.3674986681466823E+000     4.7335565501230450E+000    -6.7112815896673697E+000     6.1484724697184143E+000 
                        235     9.8632694384199560E-001     2.3667055578849303E+000     4.7385092593010274E+000    -6.6990173934030528E+000     6.1661588181411684E+000 
                        236     9.8583410667169635E-001     2.3659051768159469E+000     4.7422679944212049E+000    -6.6899175518138074E+000     6.1793618702067068E+000 
                        237     9.8558177011646009E-001     2.3655022008643920E+000     4.7448137083295920E+000    -6.6838711133785926E+000     6.1881779776765606E+000 
                        238     9.8532542391208577E-001     2.3650973536589084E+000     4.7486930135234156E+000    -6.6748345739028254E+000     6.2014276799930981E+000 
                        239     9.8480051542687486E-001     2.3642820091262857E+000     4.7539304735041776E+000    -6.6629263937119942E+000     6.2190010104401861E+000 
                        240     9.8425902075263816E-001     2.3634590067503320E+000     4.7592664742876494E+000    -6.6511443555681122E+000     6.2365318233357891E+000 
                        241     9.8370059318809222E-001     2.3626282529592517E+000     4.7647001768314245E+000    -6.6394893781852220E+000     6.2540187268560192E+000 
                        242     9.8312489380836132E-001     2.3617896618093774E+000     4.7702291942666344E+000    -6.6279625732658278E+000     6.2714567380996247E+000 
                        243     9.8253159026519366E-001     2.3609431514232573E+000     4.7758498346767499E+000    -6.6165631283192319E+000     6.2888428985211524E+000 
                        244     9.8192034048259047E-001     2.3600886236799363E+000     4.7815571844274904E+000    -6.6052896086923303E+000     6.3061748467152832E+000 
                        245     9.8129077880556381E-001     2.3592259471000516E+000     4.7873452191392172E+000    -6.5941367529033954E+000     6.3234532109158677E+000 
                        246     9.8064250769064731E-001     2.3583549553736076E+000     4.7932071705248074E+000    -6.5830967664373450E+000     6.3406772470206656E+000 
                        247     9.7997509371771785E-001     2.3574754501983355E+000     4.7991358073712957E+000    -6.5721685241493555E+000     6.3578460229907812E+000 
                        248     9.7928806563738557E-001     2.3565871883946197E+000     4.8051235048298837E+000    -6.5613365207420706E+000     6.3749645718140853E+000 
                        249     9.7858091266382052E-001     2.3556899121684789E+000     4.8111625636156070E+000    -6.5505987329593154E+000     6.3920286471348362E+000 
                        250     9.7785308793294978E-001     2.3547833291410498E+000     4.8172455821796358E+000    -6.5399413848662844E+000     6.4090475299386602E+000 
                        251     9.7710401326498530E-001     2.3538671452037154E+000     4.8233655772650827E+000    -6.5293591180486343E+000     6.4260209466814873E+000 
                        252     9.7633308159815524E-001     2.3529410522478389E+000     4.8295160902608982E+000    -6.5188439224418318E+000     6.4429485897030423E+000 
                        253     9.7553965777859386E-001     2.3520047364928915E+000     4.8356913233827923E+000    -6.5083853774643323E+000     6.4598383030285822E+000 
                        254     9.7472308011707798E-001     2.3510578873791341E+000     4.8418862182093303E+000    -6.4979785127185430E+000     6.4766884125029707E+000 
                        255     9.7388266123962974E-001     2.3501001884089820E+000     4.8480964392359356E+000    -6.4876191989266276E+000     6.4935091048579725E+000 
                        256     9.7301769184261044E-001     2.3491313207008733E+000     4.8543182778878124E+000    -6.4772997717373446E+000     6.5102957738489708E+000 
                        257     9.7212744397075601E-001     2.3481509754343866E+000     4.8605485977831373E+000    -6.4670162525891071E+000     6.5270531285931410E+000 
                        258     9.7121116998526857E-001     2.3471588452965317E+000     4.8667848162516041E+000    -6.4567581858122161E+000     6.5437881327052283E+000 
                        259     9.7026810093375560E-001     2.3461546384064453E+000     4.8730247799612352E+000    -6.4465272479860243E+000     6.5604960106600716E+000 
                        260     9.6929744533999762E-001     2.3451380501255836E+000     4.8792666393676081E+000    -6.4363176096944041E+000     6.5771850242234668E+000 
                        261     9.6829838856212758E-001     2.3441087803162430E+000     4.8855088230343524E+000    -6.4261242564131589E+000     6.5938559965510448E+000 
                        262     9.6727009111677131E-001     2.3430665307498986E+000     4.8917500218848007E+000    -6.4159498792280569E+000     6.6105095121315482E+000 
                        263     9.6621168658654022E-001     2.3420109852766648E+000     4.8979891639517374E+000    -6.4057897325090734E+000     6.6271481922949205E+000 
                        264     9.6512228002017553E-001     2.3409418266842388E+000     4.9042253880603779E+000    -6.3956394462959674E+000     6.6437769424424866E+000 
                        265     9.6400094990459750E-001     2.3398587388300522E+000     4.9104579859678621E+000    -6.3854938605273350E+000     6.6603968294483362E+000 
                        266     9.6284674912018697E-001     2.3387614105388979E+000     4.9166863469612814E+000    -6.3753543341016128E+000     6.6770066515110464E+000 
                        267     9.6165870406880527E-001     2.3376495190747337E+000     4.9229099485733192E+000    -6.3652130723586753E+000     6.6936109179722187E+000 
                        268     9.6043581374159548E-001     2.3365227531831874E+000     4.9291283565674053E+000    -6.3550725507184049E+000     6.7102143876531617E+000 
                        269     9.5917704905127066E-001     2.3353807869013679E+000     4.9353412188105903E+000    -6.3449321387815303E+000     6.7268152105401224E+000 
                        270     9.5788135276187447E-001     2.3342232877016440E+000     4.9415482559708446E+000    -6.3347901162053786E+000     6.7434128057698928E+000 
                        271     9.5654763980328306E-001     2.3330499200772286E+000     4.9477492546738260E+000    -6.3246393477854470E+000     6.7600157664333222E+000 
                        272     9.5517479849549014E-001     2.3318603619855076E+000     4.9539440637373131E+000    -6.3144837853921514E+000     6.7766223527658855E+000 
                        273     9.5376169252244891E-001     2.3306542769821803E+000     4.9601325954575337E+000    -6.3043192335940317E+000     6.7932313881654016E+000 
                        274     9.5230716309425445E-001     2.3294313384021850E+000     4.9663148166992137E+000    -6.2941449694214464E+000     6.8098490463812178E+000 
                        275     9.5081003318908319E-001     2.3281912235798026E+000     4.9724907393974940E+000    -6.2839635300983030E+000     6.8264708876266624E+000 
                        276     9.4926911309553241E-001     2.3269336087535120E+000     4.9786604227573070E+000    -6.2737694657498597E+000     6.8431020820929254E+000 
                        277     9.4768320148987450E-001     2.3256581924889623E+000     4.9848239729064607E+000    -6.2635638546535466E+000     6.8597420210346183E+000 
                        278     9.4605108581523067E-001     2.3243646769332216E+000     4.9909815170008045E+000    -6.2533434256679481E+000     6.8763929102912469E+000 
                        279     9.4437154700741355E-001     2.3230527839601858E+000     4.9971331626727693E+000    -6.2431137166263033E+000     6.8930487252924584E+000 
                        280     9.4264336388490677E-001     2.3217222313881640E+000     5.0032789968580147E+000    -6.2328713685217352E+000     6.9097165841862616E+000 
                        281     9.4086530970371185E-001     2.3203727561503205E+000     5.0094190771965668E+000    -6.2226187854076525E+000     6.9263931172376463E+000 
                        282     9.3903615207052415E-001     2.3190040959517821E+000     5.0155534016390932E+000    -6.2123550428102163E+000     6.9430791098427918E+000 
                        283     9.3715465454839486E-001     2.3176159999595893E+000     5.0216819046957069E+000    -6.2020829571779741E+000     6.9597705845589113E+000 
                        284     9.3521957386604726E-001     2.3162082140413482E+000     5.0278044685738728E+000    -6.1917979676300687E+000     6.9764735142621124E+000 
                        285     9.3322965697923566E-001     2.3147805017916911E+000     5.0339209142139429E+000    -6.1815025873493239E+000     6.9931829056724100E+000 
                        286     9.3118364007212950E-001     2.3133326206013574E+000     5.0400309939259973E+000    -6.1711991096939816E+000     7.0098960132247869E+000 
                        287     9.2908024498759079E-001     2.3118643188798682E+000     5.0461343999910646E+000    -6.1608839940495503E+000     7.0266185192121720E+000 
                        288     9.2691817472656923E-001     2.3103753521605750E+000     5.0522307940829529E+000    -6.1505622916769349E+000     7.0433442161188848E+000 
                        289     9.2469610989209239E-001     2.3088654512086264E+000     5.0583198468138386E+000    -6.1402327882335266E+000     7.0600746336251232E+000 
                        290     9.2241270741957815E-001     2.3073343420458396E+000     5.0644012536718579E+000    -6.1298930899560293E+000     7.0768096042817419E+000 
                        291     9.2006660094499071E-001     2.3057817505534630E+000     5.0704747316110153E+000    -6.1195497819364038E+000     7.0935492094929273E+000 
                        292     9.1765639865819804E-001     2.3042073687146618E+000     5.0765400065490889E+000    -6.1091966780596669E+000     7.1102923846198829E+000 
                        293     9.1518068298163091E-001     2.3026108998408374E+000     5.0825968000397461E+000    -6.0988372876422261E+000     7.1270380637231225E+000 
                        294     9.1263801439480785E-001     2.3009920259904875E+000     5.0886448487664806E+000    -6.0884668984955557E+000     7.1437874169540176E+000 
                        295     9.1002693243115218E-001     2.2993504386514982E+000     5.0946839546057916E+000    -6.0780889099970388E+000     7.1605403282873459E+000 
                        296     9.0734595613617375E-001     2.2976858085839238E+000     5.1007140128581163E+000    -6.0677029776015123E+000     7.1772939185121318E+000 
                        297     9.0459358646088961E-001     2.2959978006557464E+000     5.1067350007976691E+000    -6.0573100382864498E+000     7.1940503822789221E+000 
                        298     9.0176830675079755E-001     2.2942860686572160E+000     5.1127469383256381E+000    -6.0469103355527940E+000     7.2108096370246990E+000 
                        299     8.9886858204530540E-001     2.2925502568878589E+000     5.1187498536648111E+000    -6.0365062665849587E+000     7.2275687324919407E+000 
                        300     8.9589285981097144E-001     2.2907899912007075E+000     5.1247437800386857E+000    -6.0260910228086004E+000     7.2443333280994819E+000 
                        301     8.9283957010363724E-001     2.2890049159085790E+000     5.1307287614464618E+000    -6.0156695910890159E+000     7.2610982022109258E+000 
                        302     8.8970712617646064E-001     2.2871946459741022E+000     5.1367048660728374E+000    -6.0052421739304185E+000     7.2778634834600400E+000 
                        303     8.8649392422078943E-001     2.2853587851516419E+000     5.1426721951713334E+000    -5.9948092258588748E+000     7.2946290107472960E+000 
                        304     8.8319834347678927E-001     2.2834969242175633E+000     5.1486308693793035E+000    -5.9843687322638939E+000     7.3113968941560863E+000 
                        305     8.7981874584738851E-001     2.2816086507000750E+000     5.1545809984885844E+000    -5.9739254778802984E+000     7.3281638208103299E+000 
                        306     8.7635347670740238E-001     2.2796935190143697E+000     5.1605226671677382E+000    -5.9634745446533888E+000     7.3449353377404822E+000 
                        307     8.7280086446965588E-001     2.2777510916275192E+000     5.1664559287137557E+000    -5.9530210288054848E+000     7.3617055663960409E+000 
                        308     8.6915922118957145E-001     2.2757808943508726E+000     5.1723808101651150E+000    -5.9425668827833382E+000     7.3784741420418900E+000 
                        309     8.6542684244816415E-001     2.2737824283151933E+000     5.1782973244628030E+000    -5.9321055639057425E+000     7.3952454075808260E+000 
                        310     8.6160200683984334E-001     2.2717552080025198E+000     5.1842054739956538E+000    -5.9216341636718504E+000     7.4120181004753602E+000 
                        311     8.5768297558196993E-001     2.2696987448869330E+000     5.1901052372684005E+000    -5.9111579111579591E+000     7.4287898794104237E+000 
                        312     8.5366799271953964E-001     2.2676125081741243E+000     5.1959965508390136E+000    -5.9006795412780875E+000     7.4455597711720145E+000 
                        313     8.4955528688649906E-001     2.2654959350869457E+000     5.2018793040053071E+000    -5.8901956540692879E+000     7.4623328552828267E+000 
                        314     8.4534307224766581E-001     2.2633484597375344E+000     5.2077533490925978E+000    -5.8797086941887073E+000     7.4791065634987515E+000 
                        315     8.4102955052695849E-001     2.2611694845658943E+000     5.2136185316373647E+000    -5.8692206382520604E+000     7.4958767711390903E+000 
                        316     8.3661291292748230E-001     2.2589583814454057E+000     5.2194747165246236E+000    -5.8587231768207015E+000     7.5126529214114468E+000 
                        317     8.3209134308345445E-001     2.2567145444787196E+000     5.2253217891241546E+000    -5.8482192282664069E+000     7.5294272819837618E+000 
                        318     8.2746301782202236E-001     2.2544373327018348E+000     5.2311596466896413E+000    -5.8377068840714550E+000     7.5462016857352179E+000 
                        319     8.2272611120899986E-001     2.2521260952470872E+000     5.2369881912335439E+000    -5.8271890570851808E+000     7.5629776655108829E+000 
                        320     8.1787879753364556E-001     2.2497801456208055E+000     5.2428073270647459E+000    -5.8166668101182628E+000     7.5797534443398558E+000 
                        321     8.1291925433797640E-001     2.2473987703964386E+000     5.2486169636879332E+000    -5.8061388058668646E+000     7.5965299673863758E+000 
                        322     8.0784566408713121E-001     2.2449812410945484E+000     5.2544170316976686E+000    -5.7956055475197807E+000     7.6133061436060858E+000 
                        323     8.0265621324555569E-001     2.2425268017832130E+000     5.2602074871169817E+000    -5.7850675350786327E+000     7.6300823429774312E+000 
                        324     7.9734909199665549E-001     2.2400346666145374E+000     5.2659883083729886E+000    -5.7745194279164584E+000     7.6468621298092190E+000 
                        325     7.9192249586892582E-001     2.2375040524495944E+000     5.2717594876038332E+000    -5.7639684001822484E+000     7.6636392970410077E+000 
                        326     7.8637462894362020E-001     2.2349341057891201E+000     5.2775210211550831E+000    -5.7534112510528805E+000     7.6804185698898157E+000 
                        327     7.8070370394564059E-001     2.2323239598659241E+000     5.2832729105693215E+000    -5.7428458492477610E+000     7.6971991580990684E+000 
                        328     7.7490794526533002E-001     2.2296727283338389E+000     5.2890151580872180E+000    -5.7322777220551053E+000     7.7139775767137397E+000 
                        329     7.6898558960361729E-001     2.2269794559267755E+000     5.2947477682095148E+000    -5.7217046259247191E+000     7.7307574748644425E+000 
                        330     7.6293488536017995E-001     2.2242431618274643E+000     5.3004707471782133E+000    -5.7111229544712137E+000     7.7475369109585088E+000 
                        331     7.5675409513337244E-001     2.2214628475871057E+000     5.3061840989908164E+000    -5.7005346651328814E+000     7.7643165420712750E+000 
                        332     7.5044149722278530E-001     2.2186374598708620E+000     5.3118878290659044E+000    -5.6899402045173693E+000     7.7810990354957994E+000 
                        333     7.4399538615973659E-001     2.2157658962108528E+000     5.3175819460837310E+000    -5.6793378970391650E+000     7.7978799576919302E+000 
                        334     7.3741407468542275E-001     2.2128470162748575E+000     5.3232664639696132E+000    -5.6687319690922005E+000     7.8146611147972145E+000 
                        335     7.3069589702811655E-001     2.2098795995459941E+000     5.3289414026859196E+000    -5.6581192730018390E+000     7.8314462172433137E+000 
                        336     7.2383921269456497E-001     2.2068623919281336E+000     5.3346067877742378E+000    -5.6475020808103684E+000     7.8482281711623179E+000 
                        337     7.1684241661903036E-001     2.2037940688167512E+000     5.3402626517970164E+000    -5.6368773039223337E+000     7.8650109781333279E+000 
                        338     7.0970394398813452E-001     2.2006732698069564E+000     5.3459090340380193E+000    -5.6262471835194923E+000     7.8817946222843345E+000 
                        339     7.0242227180964334E-001     2.1974985567479846E+000     5.3515459818800215E+000    -5.6156101480775389E+000     7.8985791848754072E+000 
                        340     6.9499592155930268E-001     2.1942684364894527E+000     5.3571735467685322E+000    -5.6049673458356954E+000     7.9153656978545923E+000 
                        341     6.8742346509792251E-001     2.1909813377173148E+000     5.3627917849078637E+000    -5.5943174969317733E+000     7.9321547148203502E+000 
                        342     6.7970352464106543E-001     2.1876356226203897E+000     5.3684007596574004E+000    -5.5836613046903727E+000     7.9489425225387951E+000 
                        343     6.7183478566909627E-001     2.1842295708048640E+000     5.3725875793374982E+000    -5.5756463463564847E+000     7.9615328006361583E+000 
                        344     6.6784422452204706E-001     2.1825034514411015E+000     5.3753852526472707E+000    -5.5703124898592025E+000     7.9699283193736239E+000 
                        345     6.6381600316915090E-001     2.1807615712611406E+000     5.3781806461744157E+000    -5.5649755565161714E+000     7.9783246430981505E+000 
                        346     6.5974997716138128E-001     2.1790036972228592E+000     5.3809737684473973E+000    -5.5596381213318606E+000     7.9867187440736105E+000 
                        347     6.5564600877815660E-001     2.1772295808365012E+000     5.3837646267045622E+000    -5.5543009527156597E+000     7.9951135543803993E+000 
                        348     6.5150396482265593E-001     2.1754389639130967E+000     5.3865532272726195E+000    -5.5489613198670673E+000     8.0035106765738906E+000 
                        349     6.4732371824201485E-001     2.1736315934610420E+000     5.3893395760267522E+000    -5.5436185111451524E+000     8.0119066128290051E+000 
                        350     6.4310514651988981E-001     2.1718072127178654E+000     5.3921236770781071E+000    -5.5382759613999504E+000     8.0203033436253044E+000 
                        351     6.3884813437886678E-001     2.1699655444716011E+000     5.3949055323653221E+000    -5.5329319179552376E+000     8.0287000159798048E+000 
                        352     6.3455257194376102E-001     2.1681063115566865E+000     5.3976851430099648E+000    -5.5275858264804034E+000     8.0370962496516345E+000 
                        353     6.3021835644296664E-001     2.1662292324160766E+000     5.4004625083763926E+000    -5.5222396170311461E+000     8.0454930767636181E+000 
                        354     6.2584539059349820E-001     2.1643340092636159E+000     5.4032376268591618E+000    -5.5168909627894518E+000     8.0538895506740005E+000 
                        355     6.2143358468823706E-001     2.1624203470646024E+000     5.4060104969740888E+000    -5.5115382734279201E+000     8.0622894282661601E+000 
                        356     6.1698285690228061E-001     2.1604879505299075E+000     5.4087811173334650E+000    -5.5061865346816079E+000     8.0706843353873641E+000 
                        357     6.1249313120294002E-001     2.1585364934524587E+000     5.4115494866779832E+000    -5.5008315708575442E+000     8.0790837610661939E+000 
                        358     6.0796433877361822E-001     2.1565656595805720E+000     5.4143156030818869E+000    -5.4954772984711502E+000     8.0874814037896030E+000 
                        359     6.0339641699170543E-001     2.1545751054012903E+000     5.4170794659183557E+000    -5.4901189240312886E+000     8.0958811073786645E+000 
                        360     5.9878931307394656E-001     2.1525645009178711E+000     5.4198410742838954E+000    -5.4847623867953290E+000     8.1042793012102816E+000 
                        361     5.9414297945660843E-001     2.1505334778262104E+000     5.4226004293661010E+000    -5.4794001151773211E+000     8.1126783255238433E+000 
                        362     5.8945737764891848E-001     2.1484816934608464E+000     5.4253575306182098E+000    -5.4740387075435617E+000     8.1210779864305582E+000 
                        363     5.8473247676996376E-001     2.1464087635017024E+000     5.4281123737439314E+000    -5.4686762353216940E+000     8.1294764051238584E+000 
                        364     5.7996825623080317E-001     2.1443143022977957E+000     5.4308649552875403E+000    -5.4633103703485686E+000     8.1378781584633444E+000 
                        365     5.7516470281112109E-001     2.1421979234938200E+000     5.4336152695948448E+000    -5.4579466963896657E+000     8.1462761321176931E+000 
                        366     5.7032181442735530E-001     2.1400592025027745E+000     5.4363633081869489E+000    -5.4525781277193257E+000     8.1546762068492100E+000 
                        367     5.6543959857557069E-001     2.1378977371668797E+000     5.4391090625573923E+000    -5.4472072643714000E+000     8.1630766902135008E+000 
                        368     5.6051807279326349E-001     2.1357131002604954E+000     5.4418525203581352E+000    -5.4418385990795866E+000     8.1714750532375984E+000 
                        369     5.5555726724986343E-001     2.1335048295524599E+000     5.4445936689501648E+000    -5.4364649469055744E+000     8.1798757620209592E+000 
                        370     5.5055722119842643E-001     2.1312724846688669E+000     5.4473325002180086E+000    -5.4310881818495167E+000     8.1882774058280887E+000 
                        371     5.4551798607153656E-001     2.1290156024749098E+000     5.4500690081279952E+000    -5.4257100096408948E+000     8.1966784852043766E+000 
                        372     5.4043962198487538E-001     2.1267336950821303E+000     5.4528031875219760E+000    -5.4203313902855053E+000     8.2050788998398279E+000 
                        373     5.3532220285757681E-001     2.1244262547972963E+000     5.4555350366206898E+000    -5.4149516438335619E+000     8.2134794803191813E+000 
                        374     5.3016581148552566E-001     2.1220927596187145E+000     5.4582645574793140E+000    -5.4095674496049213E+000     8.2218817995142945E+000 
                        375     5.2497054246764829E-001     2.1197326883196657E+000     5.4609917547658062E+000    -5.4041838380917326E+000     8.2302815797534397E+000 
                        376     5.1973650348738598E-001     2.1173454749417857E+000     5.4637166367772716E+000    -5.3987992682986246E+000     8.2386825330133391E+000 
                        377     5.1446381240558892E-001     2.1149305415884223E+000     5.4664392124919772E+000    -5.3934130506187774E+000     8.2470841905410133E+000 
                        378     5.0915260230627069E-001     2.1124872953623881E+000     5.4691594925058160E+000    -5.3880262436800637E+000     8.2554868265418122E+000 
                        379     5.0380302096204665E-001     2.1100151172468791E+000     5.4718774910774917E+000    -5.3826368148938482E+000     8.2638879390354631E+000 
                        380     4.9841523078873246E-001     2.1075133784978148E+000     5.4745932239803095E+000    -5.3772454655424555E+000     8.2722913237930396E+000 
                        381     4.9298941050716744E-001     2.1049814248901555E+000     5.4773067076285891E+000    -5.3718531431843433E+000     8.2806936486532265E+000 
                        382     4.8752575561315187E-001     2.1024185739495795E+000     5.4800179596859024E+000    -5.3664620561789720E+000     8.2890953786366772E+000 
                        383     4.8202447878426796E-001     2.0998241058317140E+000     5.4827270005567064E+000    -5.3610652215805050E+000     8.2974993790402252E+000 
                        384     4.7648580961242587E-001     2.0971973169518536E+000     5.4854338494446164E+000    -5.3556681880929684E+000     8.3059028794796035E+000 
                        385     4.7090999669739125E-001     2.0945374449123335E+000     5.4881385232758060E+000    -5.3502698894603444E+000     8.3143028396508036E+000 
                        386     4.6529730440226952E-001     2.0918437044625220E+000     5.4908410372691812E+000    -5.3448693061484409E+000     8.3227065452472111E+000 
                        387     4.5964801732441346E-001     2.0891152880800288E+000     5.4935414031061001E+000    -5.3394656829900109E+000     8.3311108572125470E+000 
                        388     4.5396243759393423E-001     2.0863513616383385E+000     5.4962396283854309E+000    -5.3340615366807151E+000     8.3395134713093952E+000 
                        389     4.4824088618753516E-001     2.0835510421776657E+000     5.4989357191908335E+000    -5.3286564252286954E+000     8.3479184326803200E+000 
                        390     4.4248370550979671E-001     2.0807134154931206E+000     5.5016296802863502E+000    -5.3232471835150035E+000     8.3563216897458652E+000 
                        391     4.3669125730753405E-001     2.0778375513554490E+000     5.5043215138664889E+000    -5.3178397765336110E+000     8.3647247095687174E+000 
                        392     4.3086392571386994E-001     2.0749224423826425E+000     5.5070112220109229E+000    -5.3124294261764220E+000     8.3731285880532518E+000 
                        393     4.2500211751403633E-001     2.0719670725866570E+000     5.5096988078705129E+000    -5.3070169407337611E+000     8.3815341434312387E+000 
                        394     4.1910626305010074E-001     2.0689703787216795E+000     5.5123842752517485E+000    -5.3016040102036648E+000     8.3899380690348266E+000 
                        395     4.1317681814888901E-001     2.0659312418735603E+000     5.5150676275253065E+000    -5.2961898832875738E+000     8.3983418280360205E+000 
                        396     4.0721426703772362E-001     2.0628485026375967E+000     5.5177488686766427E+000    -5.2907743942851040E+000     8.4067464223055506E+000 
                        397     4.0121911809705341E-001     2.0597209519444264E+000     5.5204280027998314E+000    -5.2853584071735078E+000     8.4151501081189171E+000 
                        398     3.9519190791418862E-001     2.0565473222567414E+000     5.5231050357445683E+000    -5.2799389190503367E+000     8.4235548019146531E+000 
                        399     3.8913320305588822E-001     2.0533263134035336E+000     5.5257799736898994E+000    -5.2745176239855311E+000     8.4319596759443129E+000 
                        400     3.8304359952684736E-001     2.0500565545595149E+000     5.5284528233303130E+000    -5.2690963587192137E+000     8.4403645436477657E+000 
                        401     3.7692372234605170E-001     2.0467365977500251E+000     5.5311235935115839E+000    -5.2636725074377750E+000     8.4487691288423754E+000 
                        402     3.7077422785659792E-001     2.0433649483881533E+000     5.5337922927888981E+000    -5.2582488795021005E+000     8.4571731560063892E+000 
                        403     3.6459580519159912E-001     2.0399400197407251E+000     5.5364589324904863E+000    -5.2528206221153688E+000     8.4655799932798086E+000 
                        404     3.5838917457373859E-001     2.0364601869996308E+000     5.5391235243970867E+000    -5.2473947495495024E+000     8.4739842660403273E+000 
                        405     3.5215509285774321E-001     2.0329236904454180E+000     5.5417860823971861E+000    -5.2419627795144725E+000     8.4823906159673932E+000 
                        406     3.4589435108201633E-001     2.0293287528020154E+000     5.5444466213224555E+000    -5.2365318506356111E+000     8.4907963137343199E+000 
                        407     3.3960777634371347E-001     2.0256734470374158E+000     5.5471051542595928E+000    -5.2311022764764212E+000     8.4991994540629712E+000 
                        408     3.3329623614581666E-001     2.0219557455053798E+000     5.5497616959754454E+000    -5.2256689434524413E+000     8.5076064835644321E+000 
                        409     3.2696064001734465E-001     2.0181735608241134E+000     5.5524162615734216E+000    -5.2202343055479332E+000     8.5160111400308143E+000 
                        410     3.2060193927752628E-001     2.0143246738051510E+000     5.5550688663058070E+000    -5.2147979054971536E+000     8.5244178680235709E+000 
                        411     3.1422112780609118E-001     2.0104067494761995E+000     5.5577195244517332E+000    -5.2093619968133043E+000     8.5328215042620439E+000 
                        412     3.0781924767497476E-001     2.0064173059318380E+000     5.5603682514980406E+000    -5.2039212638759729E+000     8.5412296544706923E+000 
                        413     3.0139738829235846E-001     2.0023537729042173E+000     5.5630150616523739E+000    -5.1984808777245348E+000     8.5496358019254384E+000 
                        414     2.9495668995401286E-001     1.9982133861550042E+000     5.5656599678243781E+000    -5.1930405231178094E+000     8.5580422090663077E+000 
                        415     2.8849834334958008E-001     1.9939932234624989E+000     5.5683029838187910E+000    -5.1875966087806376E+000     8.5664479734827186E+000 
                        416     2.8202359470677479E-001     1.9896902271608583E+000     5.5709441204600934E+000    -5.1821532714136849E+000     8.5748539074660677E+000 
                        417     2.7553374886815524E-001     1.9853011156152478E+000     5.5735833893654689E+000    -5.1767061188650549E+000     8.5832623534015173E+000 
                        418     2.6903016585083445E-001     1.9808224487961159E+000     5.5762207988975510E+000    -5.1712620921405454E+000     8.5916660996172691E+000 
                        419     2.6251427173123693E-001     1.9762505011188074E+000     5.5788563570074441E+000    -5.1658139449438503E+000     8.6000729831014073E+000 
                        420     2.5598755683047952E-001     1.9715813863804212E+000     5.5814900721997143E+000    -5.1603650132359213E+000     8.6084798479040590E+000 
                        421     2.4945157699868886E-001     1.9668109269032310E+000     5.5841219506710269E+000    -5.1549140426843971E+000     8.6168869605872160E+000 
                        422     2.4290796252497765E-001     1.9619346830562878E+000     5.5867519943194814E+000    -5.1494622663354068E+000     8.6252940459223648E+000 
                        423     2.3635841861885559E-001     1.9569478986418278E+000     5.5893802025837687E+000    -5.1440093513076235E+000     8.6337008281323033E+000 
                        424     2.2980472587818640E-001     1.9518454871087343E+000     5.5920065729529371E+000    -5.1385558064888261E+000     8.6421079276515904E+000 
                        425     2.2324875120870763E-001     1.9466219954619417E+000     5.5946311000267475E+000    -5.1331007064969674E+000     8.6505147968010583E+000 
                        426     2.1669244527174064E-001     1.9412715807044880E+000     5.5972537751420388E+000    -5.1276454453806597E+000     8.6589208876319521E+000 
                        427     2.1013785438217664E-001     1.9357879475572703E+000     5.5998745875401799E+000    -5.1221872832380742E+000     8.6673292305295426E+000 
                        428     2.0358711580948990E-001     1.9301643476384744E+000     5.6024935240473113E+000    -5.1167278391182496E+000     8.6757362309122072E+000 
                        429     1.9704247280270776E-001     1.9243934826447402E+000     5.6051105695554542E+000    -5.1112680904813939E+000     8.6841434840086134E+000 
                        430     1.9050627422205596E-001     1.9184674474665098E+000     5.6077257125394349E+000    -5.1058078111602931E+000     8.6925499045228953E+000 
                        431     1.8398098223271669E-001     1.9123776806721464E+000     5.6103389439824296E+000    -5.1003430789452322E+000     8.7009576221149310E+000 
                        432     1.7746918292083663E-001     1.9061149477422410E+000     5.6129502551784034E+000    -5.0948798557065063E+000     8.7093653736922807E+000 
                        433     1.7097358858001094E-001     1.8996691094891187E+000     5.6155596419717764E+000    -5.0894128572491528E+000     8.7177730599366630E+000 
                        434     1.6449704968440221E-001     1.8930291881446346E+000     5.6181671011120979E+000    -5.0839455042104484E+000     8.7261815609670030E+000 
                        435     1.5804256288857582E-001     1.8861831250612728E+000     5.6207726307279238E+000    -5.0784768580721771E+000     8.7345877539328427E+000 
                        436     1.5161328037205463E-001     1.8791177108920831E+000     5.6233762313509192E+000    -5.0730058019567386E+000     8.7429949234038205E+000 
                        437     1.4521252212085839E-001     1.8718184377755165E+000     5.6259779049235963E+000    -5.0675343542163267E+000     8.7514024386003957E+000 
                        438     1.3884378798416236E-001     1.8642692656961124E+000     5.6285776555920988E+000    -5.0620591082056920E+000     8.7598118895342338E+000 
                        439     1.3251076514545340E-001     1.8564524949028598E+000     5.6311754888381529E+000    -5.0565845108040515E+000     8.7682185687428316E+000 
                        440     1.2621734998657225E-001     1.8483483819878859E+000     5.6337714111154078E+000    -5.0511067335326763E+000     8.7766268179411604E+000 
                        441     1.1996766430949629E-001     1.8399349855587259E+000     5.6363654298906773E+000    -5.0456285677521313E+000     8.7850351249519747E+000 
                        442     1.1376606728560396E-001     1.8311876724776721E+000     5.6389575555884202E+000    -5.0401517570963543E+000     8.7934415418014034E+000 
                        443     1.0761718301620943E-001     1.8220786978487939E+000     5.6415478012083984E+000    -5.0346704955911532E+000     8.8018483696687060E+000 
                        444     1.0152592455206327E-001     1.8125768321681777E+000     5.6441361793823166E+000    -5.0291865134221849E+000     8.8102569312373564E+000 
                        445     9.5497517147425548E-002     1.8026465519825270E+000     5.6467227013597636E+000    -5.0237035741079419E+000     8.8186642210895556E+000 
                        446     8.9537535961865700E-002     1.7922471802816033E+000     5.6493073788560988E+000    -5.0182206959495721E+000     8.8270718278447386E+000 
                        447     8.3651942655911304E-002     1.7813319737395732E+000     5.6518902236116837E+000    -5.0127352145291173E+000     8.8354780758378322E+000 
                        448     7.7847124481006891E-002     1.7698468873505329E+000     5.6544712464205142E+000    -5.0072463277713872E+000     8.8438886001960899E+000 
                        449     7.2129948363131413E-002     1.7577289131577778E+000     5.6570504558170054E+000    -5.0017588061698168E+000     8.8522943284596192E+000 
                        450     6.6507818085305870E-002     1.7449037989818210E+000     5.6596278614581506E+000    -4.9962681433612373E+000     8.8607020369835752E+000 
                        451     6.0988750228574584E-002     1.7312835417813963E+000     5.6622034696540799E+000    -4.9907771824371450E+000     8.8691100483551200E+000 
                        452     5.5581461005470512E-002     1.7167624823355432E+000     5.6647772832290553E+000    -4.9852839798385471E+000     8.8775178290246917E+000 
                        453     5.0295471377093282E-002     1.7012124335167562E+000     5.6673493016224619E+000    -4.9797918805610122E+000     8.8859229159720705E+000 
                        454     4.5141237860822969E-002     1.6844755432251599E+000     5.6699195223524859E+000    -4.9742967112689751E+000     8.8943305626864060E+000 
                        455     4.0130323525781220E-002     1.6663547426726184E+000     5.6724879350108646E+000    -4.9688024202322190E+000     8.9027367213792168E+000 
                        456     3.5275612752462771E-002     1.6465991232813881E+000     5.6750545246996484E+000    -4.9633040277375962E+000     8.9111440896779026E+000 
                        457     3.0591595191570564E-002     1.6248828626385678E+000     5.6776192623977932E+000    -4.9578074047124989E+000     8.9195498409638407E+000 
                        458     2.6094752399755283E-002     1.6007713455598425E+000     5.6801821073285286E+000    -4.9523100719893520E+000     8.9279545559456359E+000 
                        459     2.1804089376017355E-002     1.5736672408172991E+000     5.6827429859672511E+000    -4.9468117371060192E+000     8.9363587923453434E+000 
                        460     1.7741908422911956E-002     1.5427172855909566E+000     5.6852872901454674E+000    -4.9412860684998909E+000     8.9447636967857669E+000 
                        461     1.3934922531868399E-002     1.5066431241281999E+000     5.6889111937411263E+000    -4.9333743247513349E+000     8.9567715868960480E+000 
                        462     7.2280326421782504E-003     1.4092946309539758E+000     5.6928854413396710E+000    -4.9244179402703283E+000     8.9701778712760625E+000 
                        463     4.4292535071403516E-003     1.3372525682527336E+000     5.6948369162526786E+000    -4.9199983159171214E+000     8.9767799307878597E+000 
                        464     3.2016368218872882E-003     1.2896999846881114E+000     5.6963302024398121E+000    -4.9166149201713285E+000     8.9818347626731310E+000 
                        465     1.6409787768806861E-003     1.1920771230510052E+000     5.6979186916106439E+000    -4.9129795876456832E+000     8.9872415980057241E+000 
                        466     8.0453873745306437E-004     1.0883070185775632E+000     5.6989241976736889E+000    -4.9106698344024542E+000     8.9906716874923163E+000 
                        467     4.3574775369353835E-004     9.9921819531442524E-001     5.6995171669315416E+000    -4.9093062872229991E+000     8.9926957419894169E+000 
                        468     2.2286911965901934E-004     9.0192797325594543E-001     5.6999230656628281E+000    -4.9083697186295687E+000     8.9940830603310840E+000 
                        469     1.1642980264175984E-004     8.0779080490307265E-001     5.7001746615723645E+000    -4.9077893616826049E+000     8.9949433268927272E+000 
                        470     6.3210144133074575E-005     7.1927776563294044E-001     5.7003287088169037E+000    -4.9074342639968895E+000     8.9954707595627159E+000 
                        471     3.6600314878787454E-005     6.4012442676119652E-001     5.7004210718269803E+000    -4.9072207583899718E+000     8.9957858413106759E+000 
                        472     2.3295400251643894E-005     5.7468872165789964E-001     5.7004747233415882E+000    -4.9070980430191815E+000     8.9959688708293744E+000 
                        473     1.6642942938072114E-005     5.2599116452187111E-001     5.7005147259049913E+000    -4.9070054332843966E+000     8.9961061863171050E+000 
                        474     9.9904856245003337E-006     4.5208964964123999E-001     5.7005562333876520E+000    -4.9069094388263066E+000     8.9962485546238202E+000 
                        475     4.9952428129995674E-006     3.5172743299891074E-001     5.7005898696001429E+000    -4.9068322957421735E+000     8.9963627444572065E+000 
                        476     2.4976214071936731E-006     2.5137204742007346E-001     5.7006110625464510E+000    -4.9067827404569346E+000     8.9964367739807471E+000 
                        477     1.2488107043462371E-006     1.5102112719104424E-001     5.7006244095399099E+000    -4.9067514640814691E+000     8.9964812517400645E+000 
                        478     6.2440535292251909E-007     5.0673044321301201E-002     5.7006328173661327E+000    -4.9067315655457175E+000     8.9965108188224967E+000 
                        479     3.1220267721066008E-007    -4.9673156585883463E-002     5.7006381138127944E+000    -4.9067201304774164E+000     8.9965293467810330E+000 
                        480     1.5610133935473058E-007    -1.5001841479159711E-001     5.7006414503020002E+000    -4.9067121731992094E+000     8.9965409653815716E+000 
                        481     7.8050668927964750E-008    -2.5036294687328436E-001     5.7006442527296217E+000    -4.9067049720669074E+000     8.9965496341843032E+000 
