                          1                           2                           3                           4                           5                           6                           7                           8                           9                          10                          11                          12                          13                          14                          15                          16                          17                          18                          19                          20                          21                          22                          23                          24                          25                          26                          27                          28                          29                          30                          31                          32                          33                          34                          35                          36                          37                          38                          39                          40                          41                          42                          43                          44                          45 
               model_number                   num_zones                initial_mass                   initial_z                    star_age                   time_step                        Teff               photosphere_L               photosphere_r                  center_eta                   center_h1                  center_he3                  center_he4                  center_c12                  center_n14                  center_o16                 center_ne20                   star_mass                   star_mdot                star_mass_h1               star_mass_he3               star_mass_he4               star_mass_c12               star_mass_n14               star_mass_o16              star_mass_ne20                he_core_mass                 c_core_mass                 o_core_mass                si_core_mass                fe_core_mass      neutron_rich_core_mass                  tau10_mass                tau10_radius                 tau100_mass               tau100_radius                dynamic_time                kh_timescale               nuc_timescale              power_nuc_burn                power_h_burn               power_he_burn                   power_neu                   burn_min1                   burn_min2 
                        200                         508     2.0000000000000000E+001     2.0000000000000000E-002     8.0778353708431143E+002     1.3577373119005712E+001     4.2534237349500881E+003     1.1492722962720360E+004     1.9769377983742575E+002    -1.1941131114959717E+001     7.0000000000000007E-001     2.9797635251138523E-005     2.7997020236474890E-001     3.4416106108120285E-003     1.0081585468366041E-003     9.3604466091399777E-003     2.0994599496976496E-003     2.0000000000000000E+001     0.0000000000000000E+000     1.4000000000000007E+001     5.9595270502277070E-004     5.5994040472949749E+000     6.8832212216240571E-002     2.0163170936732065E-002     1.8720893218279935E-001     4.1989198993953016E-002     0.0000000000000000E+000     0.0000000000000000E+000     0.0000000000000000E+000     0.0000000000000000E+000     0.0000000000000000E+000     0.0000000000000000E+000     1.9999762636876099E+001     1.9729389552495340E+002     1.9999712389376658E+001     1.9721990474833140E+002     6.2231186489207894E+006     4.1326020547867947E+003     1.7402316287336960E+007     2.1032517871978785E-016     2.1032517871978785E-016     0.0000000000000000E+000     8.4144054045017253E-018     5.0000000000000000E+001     1.0000000000000000E+003 

                          1                           2                           3                           4                           5                           6 
                       zone                           q                        logR                        logT                      logRho                        logP 
                          1     1.0000000000000000E+000     2.2959930050507498E+000     3.6287386562333657E+000    -8.3771750215743435E+000     3.0563023122516664E+000 
                          2     9.9999999999900002E-001     2.2959930049249477E+000     3.6287386951293539E+000    -8.3771744332784408E+000     3.0563041748028077E+000 
                          3     9.9999999999304767E-001     2.2959930041761263E+000     3.6287387742201171E+000    -8.3771739497596958E+000     3.0563040974305968E+000 
                          4     9.9999999998486311E-001     2.2959930031464961E+000     3.6287388657989434E+000    -8.3771729679534950E+000     3.0563048995793740E+000 
                          5     9.9999999997667854E-001     2.2959930021168677E+000     3.6287389990046122E+000    -8.3771728802417886E+000     3.0563057535832798E+000 
                          6     9.9999999996105349E-001     2.2959930001512148E+000     3.6287391738373924E+000    -8.3771718722439061E+000     3.0563076682630799E+000 
                          7     9.9999999994542843E-001     2.2959929981855667E+000     3.6287393778090808E+000    -8.3771710531633250E+000     3.0563072549794712E+000 
                          8     9.9999999992459510E-001     2.2959929955647067E+000     3.6287396109199839E+000    -8.3771683814826723E+000     3.0563106183914486E+000 
                          9     9.9999999990376176E-001     2.2959929929438654E+000     3.6287399605874375E+000    -8.3771652126920380E+000     3.0563142149462736E+000 
                         10     9.9999999986209509E-001     2.2959929877022178E+000     3.6287406099724575E+000    -8.3771611587869774E+000     3.0563193385351264E+000 
                         11     9.9999999978769027E-001     2.2959929783422197E+000     3.6287414425228128E+000    -8.3771548083126177E+000     3.0563263250935773E+000 
                         12     9.9999999971328546E-001     2.2959929689823584E+000     3.6287426580540734E+000    -8.3771467236874422E+000     3.0563355632091467E+000 
                         13     9.9999999957042829E-001     2.2959929510117565E+000     3.6287442565812005E+000    -8.3771366423081499E+000     3.0563481910386936E+000 
                         14     9.9999999942757112E-001     2.2959929330415698E+000     3.6287466544012017E+000    -8.3771192774439776E+000     3.0563666671736129E+000 
                         15     9.9999999914185667E-001     2.2959928971026247E+000     3.6287498515820129E+000    -8.3770969834819482E+000     3.0563921297710608E+000 
                         16     9.9999999885614221E-001     2.2959928611655176E+000     3.6287546474728631E+000    -8.3770626338701266E+000     3.0564312548873471E+000 
                         17     9.9999999828471342E-001     2.2959927892969612E+000     3.6287610423384322E+000    -8.3770187189712981E+000     3.0564819472805271E+000 
                         18     9.9999999771328463E-001     2.2959927174356349E+000     3.6287706350993933E+000    -8.3769507753605303E+000     3.0565581281432390E+000 
                         19     9.9999999657042693E-001     2.2959925737353575E+000     3.6287834268504606E+000    -8.3768613594912544E+000     3.0566617375215679E+000 
                         20     9.9999999542756923E-001     2.2959924300645205E+000     3.6288026162992275E+000    -8.3767280977428182E+000     3.0568143838114707E+000 
                         21     9.9999999314185384E-001     2.2959921428105763E+000     3.6288282077155314E+000    -8.3765482111754554E+000     3.0570191452327498E+000 
                         22     9.9999999085613844E-001     2.2959918556750205E+000     3.6288666022712595E+000    -8.3762809326382062E+000     3.0573250587260112E+000 
                         23     9.9999998628470776E-001     2.2959912817555148E+000     3.6289178170341621E+000    -8.3759253030537781E+000     3.0577323571838204E+000 
                         24     9.9999998171327709E-001     2.2959907083035103E+000     3.6289946687577217E+000    -8.3753905659279280E+000     3.0583422703945691E+000 
                         25     9.9999997257041562E-001     2.2959895628039884E+000     3.6290972253549030E+000    -8.3746793926289076E+000     3.0591569974230053E+000 
                         26     9.9999996342755415E-001     2.2959884191696860E+000     3.6292511781827801E+000    -8.3736143756462642E+000     3.0603757648706313E+000 
                         27     9.9999994514183121E-001     2.2959861374762678E+000     3.6294567971714691E+000    -8.3722027375252193E+000     3.0619913571292563E+000 
                         28     9.9999992685610828E-001     2.2959838631514748E+000     3.6297656897434356E+000    -8.3700938706242791E+000     3.0644091873232622E+000 
                         29     9.9999989028466241E-001     2.2959793364295602E+000     3.6301789173402863E+000    -8.3673056294663581E+000     3.0676091617735666E+000 
                         30     9.9999985371321654E-001     2.2959748385366425E+000     3.6308005658728386E+000    -8.3631692206418258E+000     3.0723648378413349E+000 
                         31     9.9999978057032490E-001     2.2959659276111664E+000     3.6316347326578762E+000    -8.3577366802524242E+000     3.0786304235302220E+000 
                         32     9.9999970742743327E-001     2.2959571269188310E+000     3.6328928097077959E+000    -8.3497626227687878E+000     3.0878580679121623E+000 
                         33     9.9999956114164990E-001     2.2959398442064760E+000     3.6345899623638149E+000    -8.3394447906837019E+000     3.0998688056947628E+000 
                         34     9.9999941485586652E-001     2.2959229652609259E+000     3.6371595878777518E+000    -8.3245921452886140E+000     3.1172888061050501E+000 
                         35     9.9999912228429988E-001     2.2958903367748897E+000     3.6406516312740327E+000    -8.3058909872636342E+000     3.1394832932117760E+000 
                         36     9.9999882971273324E-001     2.2958590765859932E+000     3.6441951085469961E+000    -8.2883167876887764E+000     3.1606048452357176E+000 
                         37     9.9999853714116660E-001     2.2958290497667884E+000     3.6477782695174161E+000    -8.2717556672542649E+000     3.1807519254066090E+000 
                         38     9.9999824456959996E-001     2.2958001405309072E+000     3.6513888399969714E+000    -8.2561094819879504E+000     3.2000095560628066E+000 
                         39     9.9999795199803332E-001     2.2957722487895684E+000     3.6550145694907128E+000    -8.2412891255323402E+000     3.2184553703092087E+000 
                         40     9.9999765942646668E-001     2.2957452876930091E+000     3.6592461261253670E+000    -8.2249397832095390E+000     3.2390341095290989E+000 
                         41     9.9999726933104449E-001     2.2957106603372899E+000     3.6640738766075822E+000    -8.2073707054044700E+000     3.2614245457611042E+000 
                         42     9.9999687923562230E-001     2.2956773980519283E+000     3.6688747109557398E+000    -8.1908625242669828E+000     3.2827221340903701E+000 
                         43     9.9999648914020012E-001     2.2956453691654026E+000     3.6736390473592815E+000    -8.1753062682628936E+000     3.3030300367241443E+000 
                         44     9.9999609904477793E-001     2.2956144605186481E+000     3.6783630095323590E+000    -8.1606140305261690E+000     3.3224387841562320E+000 
                         45     9.9999570894935574E-001     2.2955845737510416E+000     3.6830492930852019E+000    -8.1467177804560276E+000     3.3410190580180963E+000 
                         46     9.9999531885393356E-001     2.2955556222587612E+000     3.6900246571929496E+000    -8.1272360466661944E+000     3.3674862044522156E+000 
                         47     9.9999453866308918E-001     2.2955002431821869E+000     3.6970551815807648E+000    -8.1093244351529226E+000     3.3924461386081717E+000 
                         48     9.9999414856766700E-001     2.2954736648918868E+000     3.7017794709236460E+000    -8.0981792967360633E+000     3.4083279665061506E+000 
                         49     9.9999375847224481E-001     2.2954477552963106E+000     3.7090564508252171E+000    -8.0825393362639435E+000     3.4312595149127301E+000 
                         50     9.9999297072094695E-001     2.2953972713221340E+000     3.7195890699484346E+000    -8.0641896714492916E+000     3.4601660026877532E+000 
                         51     9.9999218296964909E-001     2.2953488594123712E+000     3.7313378134177948E+000    -8.0488687786683943E+000     3.4872816175388164E+000 
                         52     9.9999139521835123E-001     2.2953021102252089E+000     3.7415299331708902E+000    -8.0398318815874674E+000     3.5065690373817890E+000 
                         53     9.9999100134270225E-001     2.2952792114821139E+000     3.7470706158842240E+000    -8.0360752969833662E+000     3.5159027340359352E+000 
                         54     9.9999080440487775E-001     2.2952678593760267E+000     3.7509451898568442E+000    -8.0338637917921041E+000     3.5220165717067968E+000 
                         55     9.9999060746705326E-001     2.2952565640464582E+000     3.7570847124277211E+000    -8.0310390905166216E+000     3.5310307096940883E+000 
                         56     9.9999021359140428E-001     2.2952341172269595E+000     3.7664674182275979E+000    -8.0287813666690528E+000     3.5427660201624991E+000 
                         57     9.9998981971575529E-001     2.2952117833426828E+000     3.7747341145584339E+000    -8.0285615540866218E+000     3.5513661022088110E+000 
                         58     9.9998962277793080E-001     2.2952006207597564E+000     3.7807607679508450E+000    -8.0290462138206848E+000     3.5570056213110393E+000 
                         59     9.9998942584010631E-001     2.2951894448505277E+000     3.7874718204913624E+000    -8.0303104847722526E+000     3.5625750087706423E+000 
                         60     9.9998922890228181E-001     2.2951782354931765E+000     3.7950530745208453E+000    -8.0325649991471089E+000     3.5680755521508583E+000 
                         61     9.9998903196445732E-001     2.2951669669195693E+000     3.8037474436084282E+000    -8.0360798399830493E+000     3.5735068994724712E+000 
                         62     9.9998883502663283E-001     2.2951556058889273E+000     3.8138258538989347E+000    -8.0411638708627553E+000     3.5788716577506325E+000 
                         63     9.9998863808880833E-001     2.2951441101723717E+000     3.8224613150084368E+000    -8.0462243159079669E+000     3.5828522506358453E+000 
                         64     9.9998853961989609E-001     2.2951382946000147E+000     3.8284489888531459E+000    -8.0499171326927375E+000     3.5854844822460321E+000 
                         65     9.9998844115098384E-001     2.2951324291302315E+000     3.8345490513617926E+000    -8.0537984956776327E+000     3.5881019113686508E+000 
                         66     9.9998834268207160E-001     2.2951265107639376E+000     3.8405915798252628E+000    -8.0577008830645891E+000     3.5907054805195613E+000 
                         67     9.9998824421315935E-001     2.2951205387327982E+000     3.8464336537275465E+000    -8.0614763826800484E+000     3.5932927234553991E+000 
                         68     9.9998814574424710E-001     2.2951145143084117E+000     3.8519841126052836E+000    -8.0650283021846985E+000     3.5958641844331418E+000 
                         69     9.9998804727533486E-001     2.2951084401568349E+000     3.8572004559218436E+000    -8.0683036692878929E+000     3.5984212227061296E+000 
                         70     9.9998794880642261E-001     2.2951023197641960E+000     3.8620760866751853E+000    -8.0712842977795400E+000     3.6009631530790300E+000 
                         71     9.9998785033751036E-001     2.2950961569604549E+000     3.8688780215373035E+000    -8.0753326683225470E+000     3.6047495876283859E+000 
                         72     9.9998765339968587E-001     2.2950837151205006E+000     3.8748439808148780E+000    -8.0785947037497490E+000     3.6085034154820974E+000 
                         73     9.9998755493077363E-001     2.2950774468935049E+000     3.8785650367591331E+000    -8.0805608180330868E+000     3.6109885464264915E+000 
                         74     9.9998745646186138E-001     2.2950711499517285E+000     3.8838315220708561E+000    -8.0832459340872411E+000     3.6147118921390162E+000 
                         75     9.9998725762426022E-001     2.2950583548776082E+000     3.8901065745268086E+000    -8.0861366877215151E+000     3.6196447677269705E+000 
                         76     9.9998705878665906E-001     2.2950454732104095E+000     3.8957485436896024E+000    -8.0884789363970437E+000     3.6245219770360619E+000 
                         77     9.9998685994905789E-001     2.2950325207261035E+000     3.9008695893950747E+000    -8.0903785926868537E+000     3.6293463223225046E+000 
                         78     9.9998666111145673E-001     2.2950195102953552E+000     3.9055555601216274E+000    -8.0919186044441140E+000     3.6341170705037888E+000 
                         79     9.9998646227385557E-001     2.2950064524719913E+000     3.9109452274484084E+000    -8.0934809330678465E+000     3.6400120738171875E+000 
                         80     9.9998616401745388E-001     2.2949867929274079E+000     3.9167361602508350E+000    -8.0947727042346873E+000     3.6469804170139430E+000 
                         81     9.9998586576105220E-001     2.2949670721380317E+000     3.9228390394550674E+000    -8.0958010194857231E+000     3.6549712525288629E+000 
                         82     9.9998546808584987E-001     2.2949407112237501E+000     3.9282600176388454E+000    -8.0962397109966933E+000     3.6628219287333792E+000 
                         83     9.9998516982944818E-001     2.2949209174019471E+000     3.9325385562974819E+000    -8.0963581305554229E+000     3.6694403290988493E+000 
                         84     9.9998487157304650E-001     2.2949011154742989E+000     3.9371628179314215E+000    -8.0962486700583653E+000     3.6770391073945992E+000 
                         85     9.9998447389784417E-001     2.2948747153453413E+000     3.9431780714255873E+000    -8.0957093582451556E+000     3.6876698493910856E+000 
                         86     9.9998387738504069E-001     2.2948351552859410E+000     3.9495554562821349E+000    -8.0944033610135655E+000     3.7000975646857315E+000 
                         87     9.9998328087223720E-001     2.2947957032467388E+000     3.9543165451763755E+000    -8.0928923692603494E+000     3.7101922077743397E+000 
                         88     9.9998288319703488E-001     2.2947694872902282E+000     3.9574293918084349E+000    -8.0917144493489079E+000     3.7171224752074830E+000 
                         89     9.9998258494063319E-001     2.2947498754749831E+000     3.9608152340402842E+000    -8.0903094461671525E+000     3.7249125377720671E+000 
                         90     9.9998208784663034E-001     2.2947172888159182E+000     3.9666958838185353E+000    -8.0874794824623777E+000     3.7391576324380815E+000 
                         91     9.9998109365862464E-001     2.2946525170252237E+000     3.9729053807941108E+000    -8.0833520810051525E+000     3.7557327822599067E+000 
                         92     9.9998029068313710E-001     2.2946006767629425E+000     3.9773123881502070E+000    -8.0798985247953432E+000     3.7682709722724890E+000 
                         93     9.9997968845152141E-001     2.2945620924709798E+000     3.9808435224628607E+000    -8.0768571420747772E+000     3.7787416989144513E+000 
                         94     9.9997908621990572E-001     2.2945237672633159E+000     3.9858107820181421E+000    -8.0722832107313085E+000     3.7939981778508995E+000 
                         95     9.9997788175667446E-001     2.2944478899611371E+000     3.9907523472908277E+000    -8.0667649834520212E+000     3.8103518026873440E+000 
                         96     9.9997707878118691E-001     2.2943979220533524E+000     3.9944390061193524E+000    -8.0623390210631669E+000     3.8230118699360065E+000 
                         97     9.9997627580569937E-001     2.2943484437986026E+000     3.9974668097571660E+000    -8.0583966354965852E+000     3.8337970886339927E+000 
                         98     9.9997567357408368E-001     2.2943116594859805E+000     4.0007699409793709E+000    -8.0539406888929115E+000     3.8458098416600928E+000 
                         99     9.9997466985472427E-001     2.2942509576712125E+000     4.0054140357369992E+000    -8.0471743522656123E+000     3.8633318533521113E+000 
                        100     9.9997325127366066E-001     2.2941664502193113E+000     4.0096788549479054E+000    -8.0402257662991445E+000     3.8802524115527768E+000 
                        101     9.9997223800147228E-001     2.2941070163095678E+000     4.0123573797498233E+000    -8.0356053399060663E+000     3.8911808930962688E+000 
                        102     9.9997163003815925E-001     2.2940717217945168E+000     4.0155870621721945E+000    -8.0299771161510307E+000     3.9044761083258130E+000 
                        103     9.9997021145709564E-001     2.2939903955520342E+000     4.0194938742969164E+000    -8.0225758174262491E+000     3.9211798264244435E+000 
                        104     9.9996899553046958E-001     2.2939218297661093E+000     4.0223289208172828E+000    -8.0169134317085007E+000     3.9336133954166836E+000 
                        105     9.9996818491271888E-001     2.2938766936310029E+000     4.0253480289497645E+000    -8.0107908294264849E+000     3.9469774943890354E+000 
                        106     9.9996675295407922E-001     2.2937980430731164E+000     4.0289787007398381E+000    -8.0029923734247834E+000     3.9634775404144933E+000 
                        107     9.9996532099543955E-001     2.2937207505888444E+000     4.0316759365433263E+000    -7.9969000736010161E+000     3.9760246841993134E+000 
                        108     9.9996450273335979E-001     2.2936771805231144E+000     4.0345239297533348E+000    -7.9904288886316923E+000     3.9893156250085848E+000 
                        109     9.9996286620920016E-001     2.2935912907984060E+000     4.0381157718368303E+000    -7.9818428630256388E+000     4.0064614183482465E+000 
                        110     9.9996122586843450E-001     2.2935068363832922E+000     4.0406791569823532E+000    -7.9754356939135729E+000     4.0189416155681474E+000 
                        111     9.9996039997314257E-001     2.2934649188551721E+000     4.0431839956828330E+000    -7.9691679859719322E+000     4.0311340337813206E+000 
                        112     9.9995874818255870E-001     2.2933822494470872E+000     4.0467709033306845E+000    -7.9598850309398284E+000     4.0488534206914650E+000 
                        113     9.9995667582569814E-001     2.2932806601828033E+000     4.0501682323077777E+000    -7.9507349860717182E+000     4.0659271212747017E+000 
                        114     9.9995501641648354E-001     2.2932009601203203E+000     4.0534223299221184E+000    -7.9418373578365333E+000     4.0823749184827145E+000 
                        115     9.9995294215496533E-001     2.2931032955393937E+000     4.0561771642252920E+000    -7.9340484672201637E+000     4.0965054977264730E+000 
                        116     9.9995169759805436E-001     2.2930457074944446E+000     4.0581886266006331E+000    -7.9283299435553101E+000     4.1068346962185966E+000 
                        117     9.9995044732717042E-001     2.2929885892004331E+000     4.0608027664947075E+000    -7.9208592660433617E+000     4.1202736487999667E+000 
                        118     9.9994836354236394E-001     2.2928949668789320E+000     4.0642652439101221E+000    -7.9107709002172877E+000     4.1382036463595258E+000 
                        119     9.9994584017000343E-001     2.2927841192988452E+000     4.0678813238576996E+000    -7.9000345979587063E+000     4.1570443958296455E+000 
                        120     9.9994331679764292E-001     2.2926758965601097E+000     4.0707652145090805E+000    -7.8913075390393432E+000     4.1721627347406542E+000 
                        121     9.9994163454940255E-001     2.2926051396796470E+000     4.0735812284318920E+000    -7.8827945625427338E+000     4.1868588890472314E+000 
                        122     9.9993908833885370E-001     2.2925000588040985E+000     4.0771132404847696E+000    -7.8719701933249215E+000     4.2053310363334004E+000 
                        123     9.9993611775988012E-001     2.2923803893731765E+000     4.0810281243024580E+000    -7.8598353934993117E+000     4.2257915721617065E+000 
                        124     9.9993270373152854E-001     2.2922465281652999E+000     4.0847854912420152E+000    -7.8480310042695791E+000     4.2454385836486086E+000 
                        125     9.9992970643922041E-001     2.2921320599730319E+000     4.0874463350971242E+000    -7.8395978979930154E+000     4.2593381739222673E+000 
                        126     9.9992799370075869E-001     2.2920678678606183E+000     4.0898266648823478E+000    -7.8321064293364859E+000     4.2716717151759198E+000 
                        127     9.9992540160563803E-001     2.2919723268835690E+000     4.0930826909320723E+000    -7.8218489496286461E+000     4.2884785850121032E+000 
                        128     9.9992193391881967E-001     2.2918474011736674E+000     4.0971310480889249E+000    -7.8091078577639088E+000     4.3092346276007572E+000 
                        129     9.9991759449363382E-001     2.2916954449863565E+000     4.1001660632626562E+000    -7.7994836037797395E+000     4.3247657376204360E+000 
                        130     9.9991585101689884E-001     2.2916356870386965E+000     4.1023077889869377E+000    -7.7927859987501655E+000     4.3355883546495484E+000 
                        131     9.9991322804307481E-001     2.2915471146493633E+000     4.1056768790666451E+000    -7.7823246890192221E+000     4.3524557794178076E+000 
                        132     9.9990883055762969E-001     2.2914020378495192E+000     4.1101863092981237E+000    -7.7684102347785116E+000     4.3747761749048779E+000 
                        133     9.9990352229655943E-001     2.2912322511504928E+000     4.1141711729253521E+000    -7.7561954286792592E+000     4.3942556507961115E+000 
                        134     9.9989995726522329E-001     2.2911212771884921E+000     4.1173026435329438E+000    -7.7467434523999836E+000     4.4093122071160122E+000 
                        135     9.9989639223388715E-001     2.2910126099633175E+000     4.1207675486809476E+000    -7.7364273377516843E+000     4.4257216553384033E+000 
                        136     9.9989190828773689E-001     2.2908790295244974E+000     4.1245576331851233E+000    -7.7252974811183952E+000     4.4433832869042540E+000 
                        137     9.9988739253588621E-001     2.2907477853828593E+000     4.1279203862822094E+000    -7.7155778119045770E+000     4.4587889018293323E+000 
                        138     9.9988376388615696E-001     2.2906445741594670E+000     4.1308786751047295E+000    -7.7071739302087643E+000     4.4721131276275354E+000 
                        139     9.9988011918817898E-001     2.2905428212142964E+000     4.1349127960945458E+000    -7.6959623087299383E+000     4.4899160749518057E+000 
                        140     9.9987370048718505E-001     2.2903680234897501E+000     4.1399821248818043E+000    -7.6822409943609875E+000     4.5117269263446147E+000 
                        141     9.9986723291179525E-001     2.2901971686461771E+000     4.1439252374123416E+000    -7.6718799775218161E+000     4.5282388953463180E+000 
                        142     9.9986352314760840E-001     2.2901013894801676E+000     4.1475018966683921E+000    -7.6627480181547662E+000     4.5428444687953995E+000 
                        143     9.9985790901444782E-001     2.2899593424276143E+000     4.1528521536447327E+000    -7.6495431474271562E+000     4.5640561205496937E+000 
                        144     9.9984942954303180E-001     2.2897509705834840E+000     4.1585456981072682E+000    -7.6361106198078144E+000     4.5857849584895414E+000 
                        145     9.9984277104086849E-001     2.2895921286705203E+000     4.1631810758220089E+000    -7.6256437731951809E+000     4.6028412357426207E+000 
                        146     9.9983702263368357E-001     2.2894581275248962E+000     4.1667519949204124E+000    -7.6178692093393634E+000     4.6155969026712782E+000 
                        147     9.9983317905609137E-001     2.2893700520080191E+000     4.1710499250729258E+000    -7.6088024846248405E+000     4.6305519158896651E+000 
                        148     9.9982542342993597E-001     2.2891958460146440E+000     4.1760923276346933E+000    -7.5986142735678674E+000     4.6475104944536714E+000 
                        149     9.9981955487940588E-001     2.2890669488008903E+000     4.1804357815240083E+000    -7.5901790123188349E+000     4.6616629256760458E+000 
                        150     9.9981365145679446E-001     2.2889396672193252E+000     4.1869743960531949E+000    -7.5779979956628880E+000     4.6822676054250696E+000 
                        151     9.9980173935832450E-001     2.2886896125830924E+000     4.1942680181740686E+000    -7.5651554584438658E+000     4.7042820298375245E+000 
                        152     9.9979370347446106E-001     2.2885256069096065E+000     4.2001094675317265E+000    -7.5552948085272700E+000     4.7213391299664913E+000 
                        153     9.9978559591354799E-001     2.2883636707990642E+000     4.2059219352142598E+000    -7.5457665874415136E+000     4.7379223454649271E+000 
                        154     9.9977741601642989E-001     2.2882036575186762E+000     4.2116728582040963E+000    -7.5365191566423126E+000     4.7540571300970962E+000 
                        155     9.9976916312022113E-001     2.2880454436752049E+000     4.2173281556293345E+000    -7.5275018227219270E+000     4.7697720901460920E+000 
                        156     9.9976083656223680E-001     2.2878889278088628E+000     4.2228543725144601E+000    -7.5186677533262856E+000     4.7850931758192736E+000 
                        157     9.9975243567780203E-001     2.2877340279850560E+000     4.2282221147140024E+000    -7.5099794556850306E+000     4.8000434170792223E+000 
                        158     9.9974395979884378E-001     2.2875806776471248E+000     4.2360113264203045E+000    -7.4972109644290290E+000     4.8218557431550035E+000 
                        159     9.9972678035504781E-001     2.2872783874936116E+000     4.2456061574990800E+000    -7.4804108804749525E+000     4.8497680167763626E+000 
                        160     9.9970929276725695E-001     2.2869817383233793E+000     4.2522386945548103E+000    -7.4679379802483394E+000     4.8699258796392542E+000 
                        161     9.9970039213020734E-001     2.2868348027824705E+000     4.2564867635574952E+000    -7.4597676731800098E+000     4.8830319360075256E+000 
                        162     9.9969149149315772E-001     2.2866904605339489E+000     4.2626192521403121E+000    -7.4477272507103667E+000     4.9022229610946901E+000 
                        163     9.9967337091955599E-001     2.2864042077408597E+000     4.2702152749045315E+000    -7.4318660663503753E+000     4.9269764585937121E+000 
                        164     9.9965492535237754E-001     2.2861227195140890E+000     4.2773338527206288E+000    -7.4163495942278432E+000     4.9508645092361139E+000 
                        165     9.9963614900843700E-001     2.2858457062685122E+000     4.2840663942952100E+000    -7.4012010674494313E+000     4.9739581253580365E+000 
                        166     9.9961703601146656E-001     2.2855728747520114E+000     4.2904930047005330E+000    -7.3864351802675428E+000     4.9963242870173836E+000 
                        167     9.9959758039305724E-001     2.2853039334149710E+000     4.2966810938233806E+000    -7.3720542816885981E+000     5.0180156378623257E+000 
                        168     9.9957777609124765E-001     2.2850385996179812E+000     4.3026877131996120E+000    -7.3580565243035805E+000     5.0390869099846007E+000 
                        169     9.9955761695019030E-001     2.2847766014216258E+000     4.3085613807269949E+000    -7.3444472921946380E+000     5.0595856075502885E+000 
                        170     9.9953709671656454E-001     2.2845176723948684E+000     4.3143416037411599E+000    -7.3312303582578160E+000     5.0795469414394177E+000 
                        171     9.9951620903672234E-001     2.2842615519298342E+000     4.3200595339090784E+000    -7.3183993272584571E+000     5.0990077623053187E+000 
                        172     9.9949494745289313E-001     2.2840079905038104E+000     4.3257400064397213E+000    -7.3059390572119502E+000     5.1180053511747303E+000 
                        173     9.9947330540031243E-001     2.2837567538801307E+000     4.3314042573358975E+000    -7.2938466068754000E+000     5.1365659079389090E+000 
                        174     9.9945127620617480E-001     2.2835076151626952E+000     4.3370721339390714E+000    -7.2821185667146233E+000     5.1547182016900628E+000 
                        175     9.9942885308783103E-001     2.2832603544122652E+000     4.3427626749843391E+000    -7.2707490075908137E+000     5.1724865161535840E+000 
                        176     9.9940602915152588E-001     2.2830147594547445E+000     4.3484933318317545E+000    -7.2597375091774738E+000     5.1898919291025614E+000 
                        177     9.9938279739071678E-001     2.2827706221603461E+000     4.3542780415139974E+000    -7.2490726503207314E+000     5.2069604810720653E+000 
                        178     9.9935915068386738E-001     2.2825277440743124E+000     4.3601259467057680E+000    -7.2387436087001698E+000     5.2237054158692731E+000 
                        179     9.9933508179195707E-001     2.2822859354702811E+000     4.3660410748732339E+000    -7.2287347977968519E+000     5.2401464048045652E+000 
                        180     9.9931058335635214E-001     2.2820450174502889E+000     4.3720228384540674E+000    -7.2190311612886235E+000     5.2562998045195091E+000 
                        181     9.9928564789601448E-001     2.2818048211254069E+000     4.3780668318246772E+000    -7.2096178357553145E+000     5.2721828404478197E+000 
                        182     9.9926026780538246E-001     2.2815651870593077E+000     4.3841650508918582E+000    -7.2004748456335763E+000     5.2878058720890442E+000 
                        183     9.9923443535207257E-001     2.2813259676952118E+000     4.3903067448431692E+000    -7.1915872706429305E+000     5.3031816283625002E+000 
                        184     9.9920814267494729E-001     2.2810870242308208E+000     4.3964797358258618E+000    -7.1829299917143494E+000     5.3183252235047407E+000 
                        185     9.9918138178200899E-001     2.2808482319558094E+000     4.4026711039284345E+000    -7.1744848051026837E+000     5.3332462282793847E+000 
                        186     9.9915414454802209E-001     2.2806094762222178E+000     4.4088677393259026E+000    -7.1662280123131969E+000     5.3479564584609305E+000 
                        187     9.9912642271247465E-001     2.2803706553044192E+000     4.4150571338269584E+000    -7.1581444669633054E+000     5.3624625167228057E+000 
                        188     9.9909820787711012E-001     2.2801316755798893E+000     4.4212278693740314E+000    -7.1502116094975063E+000     5.3767767753443536E+000 
                        189     9.9906949150385460E-001     2.2798924555350450E+000     4.4304871971247657E+000    -7.1385564819135245E+000     5.3979862232284539E+000 
                        190     9.9901051927803708E-001     2.2794130111711639E+000     4.4426003559818641E+000    -7.1234411526551620E+000     5.4255564468598054E+000 
                        191     9.9894943484359977E-001     2.2789317875617403E+000     4.4515103722180989E+000    -7.1123333864501364E+000     5.4457978696058431E+000 
                        192     9.9891779972885686E-001     2.2786882503627481E+000     4.4574067412964684E+000    -7.1050484131510645E+000     5.4591176860967243E+000 
                        193     9.9888616461411395E-001     2.2784483640493249E+000     4.4661847876666751E+000    -7.0942944511766139E+000     5.4788491506206398E+000 
                        194     9.9882063252235975E-001     2.2779623769053323E+000     4.4776131068042808E+000    -7.0801533140276653E+000     5.5046701564984080E+000 
                        195     9.9875275993329826E-001     2.2774735148825416E+000     4.4859786484074125E+000    -7.0696708776665416E+000     5.5236937253188652E+000 
                        196     9.9871761274873971E-001     2.2772257697937612E+000     4.4915079294196572E+000    -7.0627689402667428E+000     5.5362386390939546E+000 
                        197     9.9868246556418117E-001     2.2769815161134739E+000     4.4997338077321007E+000    -7.0525362584392211E+000     5.5548631043733181E+000 
                        198     9.9860966539942564E-001     2.2764861120313236E+000     4.5104276503392580E+000    -7.0390033649833761E+000     5.5793034212622743E+000 
                        199     9.9853427258861316E-001     2.2759870944007234E+000     4.5182445548970414E+000    -7.0289213109378643E+000     5.5973581298128590E+000 
                        200     9.9849523496329284E-001     2.2757339807028116E+000     4.5234081577240994E+000    -7.0222622318141310E+000     5.6092852802022994E+000 
                        201     9.9845619733797253E-001     2.2754842851629027E+000     4.5310837401998718E+000    -7.0123536680521790E+000     5.6270271697284073E+000 
                        202     9.9837534679893059E-001     2.2749774854917217E+000     4.5410307736109177E+000    -6.9991770423217066E+000     5.6503610512008642E+000 
                        203     9.9829162496540835E-001     2.2744665782404736E+000     4.5507092980846275E+000    -6.9860620393797586E+000     5.6733717633644112E+000 
                        204     9.9820493256414766E-001     2.2739514582519749E+000     4.5577340886088242E+000    -6.9762074817710404E+000     5.6904180156265527E+000 
                        205     9.9816004974741390E-001     2.2736900508518030E+000     4.5623559259375677E+000    -6.9696595055021344E+000     5.7017009534775838E+000 
                        206     9.9811516693068014E-001     2.2734320928814578E+000     4.5691951365248764E+000    -6.9598639509943201E+000     5.7185146963193487E+000 
                        207     9.9802222187790135E-001     2.2729084058021081E+000     4.5779574711625530E+000    -6.9467101071393245E+000     5.7406815177270056E+000 
                        208     9.9792598753335993E-001     2.2723804479018779E+000     4.5863768719078282E+000    -6.9334773739341111E+000     5.7626019326491713E+000 
                        209     9.9782635014343557E-001     2.2718482796095145E+000     4.5924050557822405E+000    -6.9234462372181307E+000     5.7788752692541641E+000 
                        210     9.9777477101643153E-001     2.2715783361232833E+000     4.5963466605813776E+000    -6.9167495855161674E+000     5.7896641191043550E+000 
                        211     9.9772319188942749E-001     2.2713120303533456E+000     4.6001999478162663E+000    -6.9100281548238049E+000     5.8003987389446889E+000 
                        212     9.9766979129046895E-001     2.2710400492607006E+000     4.6039623529766782E+000    -6.9032735773076723E+000     5.8110795476662114E+000 
                        213     9.9761639069151042E-001     2.2707717654071504E+000     4.6094960702542380E+000    -6.8931295306509579E+000     5.8270218096793691E+000 
                        214     9.9750581998822940E-001     2.2702275598486392E+000     4.6165063311928556E+000    -6.8794394469365105E+000     5.8480914015181220E+000 
                        215     9.9739134846600364E-001     2.2696795749910690E+000     4.6231964525646436E+000    -6.8656341959269174E+000     5.8689786229682470E+000 
                        216     9.9727283977528181E-001     2.2691279226046723E+000     4.6279729882269720E+000    -6.8551751949018511E+000     5.8845154384683021E+000 
                        217     9.9721149601804004E-001     2.2688483634714660E+000     4.6310995122006684E+000    -6.8481974172220035E+000     5.8948309713340059E+000 
                        218     9.9715015226079828E-001     2.2685727320687641E+000     4.6341616878248386E+000    -6.8411989737912497E+000     5.9051093272021511E+000 
                        219     9.9708664551863246E-001     2.2682914026478969E+000     4.6371604203267109E+000    -6.8341836816819077E+000     5.9153453920734238E+000 
                        220     9.9702313877646664E-001     2.2680140464402783E+000     4.6415904991003636E+000    -6.8236670662264292E+000     5.9306462043325734E+000 
                        221     9.9689164673629727E-001     2.2674518863992601E+000     4.6472598793276489E+000    -6.8095668896414221E+000     5.9508987472537731E+000 
                        222     9.9675551860005407E-001     2.2668862988394660E+000     4.6527417677583838E+000    -6.7954315217776093E+000     5.9710168647480071E+000 
                        223     9.9661459333673763E-001     2.2663173053392964E+000     4.6567136559605453E+000    -6.7847937562730332E+000     5.9860075843719063E+000 
                        224     9.9654165137141359E-001     2.2660290720130889E+000     4.6593354611580420E+000    -6.7777150504509054E+000     5.9959703711812473E+000 
                        225     9.9646870940608956E-001     2.2657449374659988E+000     4.6632359086726769E+000    -6.7671168377590751E+000     6.0108690802310614E+000 
                        226     9.9631770774986450E-001     2.2651692064044742E+000     4.6682960517379550E+000    -6.7529690926004307E+000     6.0306123344091871E+000 
                        227     9.9616143342991181E-001     2.2645901645205107E+000     4.6732554577212548E+000    -6.7388427276798097E+000     6.0502415650572186E+000 
                        228     9.9599973558224597E-001     2.2640078706270148E+000     4.6781309489889189E+000    -6.7247556943307041E+000     6.0697561306015793E+000 
                        229     9.9583246014376614E-001     2.2634223599165000E+000     4.6829383377479132E+000    -6.7107248784113773E+000     6.0891560148830770E+000 
                        230     9.9565944386874305E-001     2.2628336244836182E+000     4.6876926700085404E+000    -6.6967531020752951E+000     6.1084513578421884E+000 
                        231     9.9548051171296315E-001     2.2622416255380671E+000     4.6924081135401883E+000    -6.6828520149906820E+000     6.1276363885631051E+000 
                        232     9.9529547590459566E-001     2.2616462811762315E+000     4.6970979365429093E+000    -6.6690217836197405E+000     6.1467263890027297E+000 
                        233     9.9510413671811415E-001     2.2610474872881241E+000     4.7017746147570652E+000    -6.6552729178485226E+000     6.1657166368038316E+000 
                        234     9.9490628379297397E-001     2.2604451097088796E+000     4.7064499186763005E+000    -6.6416076774914217E+000     6.1846176859221433E+000 
                        235     9.9470169667890007E-001     2.2598389988174716E+000     4.7111349785263545E+000    -6.6280334084436987E+000     6.2034318184277488E+000 
                        236     9.9449014540367453E-001     2.2592289854208296E+000     4.7158404625483445E+000    -6.6145571355961748E+000     6.2221652902996736E+000 
                        237     9.9427139004571119E-001     2.2586148808584503E+000     4.7205768314640189E+000    -6.6011842950139279E+000     6.2408217392392835E+000 
                        238     9.9404517946365234E-001     2.2579964766161682E+000     4.7253544276478880E+000    -6.5879165115059850E+000     6.2594056719863289E+000 
                        239     9.9381125250489066E-001     2.2573735541139821E+000     4.7301832426874606E+000    -6.5747573590107944E+000     6.2779226096481313E+000 
                        240     9.9356933926701230E-001     2.2567458859411551E+000     4.7350726767107041E+000    -6.5617152428180958E+000     6.2963737034601204E+000 
                        241     9.9331916096791484E-001     2.2561132287116910E+000     4.7400314808507265E+000    -6.5487870966807078E+000     6.3147682268020322E+000 
                        242     9.9306042681811479E-001     2.2554753321333689E+000     4.7450677445785372E+000    -6.5359782232516483E+000     6.3331051972038503E+000 
                        243     9.9279283160454757E-001     2.2548319219354633E+000     4.7501888251486175E+000    -6.5232907224990990E+000     6.3513912942175885E+000 
                        244     9.9251605667243847E-001     2.2541827080786296E+000     4.7554011776653216E+000    -6.5107259365218280E+000     6.3696296931663143E+000 
                        245     9.9222977637981868E-001     2.2535274015902345E+000     4.7607101353408945E+000    -6.4982857895733384E+000     6.3878234358872135E+000 
                        246     9.9193366517223736E-001     2.2528657289525520E+000     4.7661197370483128E+000    -6.4859694320120838E+000     6.4059774197626371E+000 
                        247     9.9162739795749577E-001     2.2521974351655802E+000     4.7702262524882659E+000    -6.4768424815985721E+000     6.4195174896026765E+000 
                        248     9.9147035431810238E-001     2.2518607157779655E+000     4.7744285524922807E+000    -6.4677338021153448E+000     6.4331296352681804E+000 
                        249     9.9114824378923627E-001     2.2511820330192873E+000     4.7800982091107524E+000    -6.4557326677480562E+000     6.4511844462292967E+000 
                        250     9.9081516335026032E-001     2.2504961394270562E+000     4.7858709810069753E+000    -6.4438576886593175E+000     6.4692002494029195E+000 
                        251     9.9047078311292958E-001     2.2498028099177025E+000     4.7917438914162993E+000    -6.4321044775452254E+000     6.4871780712041520E+000 
                        252     9.9011476729886794E-001     2.2491018244644678E+000     4.7977125912474703E+000    -6.4204685971369146E+000     6.5051187819998324E+000 
                        253     9.8974677161279589E-001     2.2483929630713559E+000     4.8037713784815779E+000    -6.4089405781680258E+000     6.5230202282804051E+000 
                        254     9.8936644170131893E-001     2.2476760115856242E+000     4.8099134089304352E+000    -6.3975169665045142E+000     6.5408848052088393E+000 
                        255     9.8897341227567959E-001     2.2469507510448556E+000     4.8161311421614759E+000    -6.3861891830942534E+000     6.5587155328375601E+000 
                        256     9.8856730752415822E-001     2.2462169677419537E+000     4.8208157242777325E+000    -6.3777718554238412E+000     6.5720212456451748E+000 
                        257     9.8835923176848250E-001     2.2458468071596389E+000     4.8255831900751875E+000    -6.3693658606121657E+000     6.5853956120065700E+000 
                        258     9.8793278902116854E-001     2.2450998447480206E+000     4.8319545862833300E+000    -6.3582497583721631E+000     6.6031355007306054E+000 
                        259     9.8749229381366310E-001     2.2443438521877890E+000     4.8383730907778828E+000    -6.3472063388138311E+000     6.6208441337356083E+000 
                        260     9.8703734572963753E-001     2.2435786494140886E+000     4.8431869284199909E+000    -6.3389815173442754E+000     6.6340580657386532E+000 
                        261     9.8680432607019020E-001     2.2431925405417887E+000     4.8480732193484917E+000    -6.3307619735876237E+000     6.6473405340834493E+000 
                        262     9.8632694384199526E-001     2.2424132280136670E+000     4.8545767451423574E+000    -6.3198734709549242E+000     6.6649627309225830E+000 
                        263     9.8583410667169602E-001     2.2416243449291118E+000     4.8594417615773366E+000    -6.3117523979979300E+000     6.6781131697804073E+000 
                        264     9.8558177011645975E-001     2.2412262844131816E+000     4.8627092502373772E+000    -6.3063458522046227E+000     6.6868969151748763E+000 
                        265     9.8532542391208544E-001     2.2408257986381099E+000     4.8676452339215484E+000    -6.2982474985890482E+000     6.7000950079623616E+000 
                        266     9.8480051542687452E-001     2.2400175254811967E+000     4.8741978801957124E+000    -6.2875004846036617E+000     6.7176063849450136E+000 
                        267     9.8425902075263783E-001     2.2391995106901255E+000     4.8807559393064155E+000    -6.2767951231272479E+000     6.7350756708281798E+000 
                        268     9.8370059318809189E-001     2.2383717647103101E+000     4.8873145746865241E+000    -6.2661332121691293E+000     6.7525010467555431E+000 
                        269     9.8312489380836099E-001     2.2375343089540927E+000     4.8938694226460093E+000    -6.2555099551076703E+000     6.7698824882110591E+000 
                        270     9.8253159026519332E-001     2.2366871856095800E+000     4.9004166813858809E+000    -6.2449280263010811E+000     6.7872150482470204E+000 
                        271     9.8192034048259014E-001     2.2358304194253100E+000     4.9069532176594972E+000    -6.2343849389688408E+000     6.8044922353092243E+000 
                        272     9.8129077880556337E-001     2.2349640092466996E+000     4.9134764934684387E+000    -6.2238767550707506E+000     6.8217226542309453E+000 
                        273     9.8064250769064687E-001     2.2340879217517844E+000     4.9199844497244838E+000    -6.2134049746976991E+000     6.8389026086717681E+000 
                        274     9.7997509371771740E-001     2.2332020778355344E+000     4.9264754775257371E+000    -6.2029703385712107E+000     6.8560265475830979E+000 
                        275     9.7928806563738513E-001     2.2323063540634984E+000     4.9329484267927128E+000    -6.1925682859054945E+000     6.8731014061016751E+000 
                        276     9.7858091266382008E-001     2.2314005940549495E+000     4.9394025835128694E+000    -6.1821925495817780E+000     6.8901309342254660E+000 
                        277     9.7785308793294934E-001     2.2304846194615702E+000     4.9458375857473964E+000    -6.1718450825011617E+000     6.9071130580898501E+000 
                        278     9.7710401326498486E-001     2.2295582210418710E+000     4.9522533322732061E+000    -6.1615206376388825E+000     6.9240538991902554E+000 
                        279     9.7633308159815479E-001     2.2286211785620873E+000     4.9586499125145727E+000    -6.1512163708480738E+000     6.9409560314024237E+000 
                        280     9.7553965777859342E-001     2.2276732583396006E+000     4.9650275661927736E+000    -6.1409322391505237E+000     6.9578174207057941E+000 
                        281     9.7472308011707753E-001     2.2267142103231565E+000     4.9713866669751106E+000    -6.1306679778606989E+000     6.9746479146501130E+000 
                        282     9.7388266123962930E-001     2.2257437705072487E+000     4.9777277080633802E+000    -6.1204199773157937E+000     6.9914445836126884E+000 
                        283     9.7301769184261000E-001     2.2247616736192053E+000     4.9840512764063698E+000    -6.1101858309857997E+000     7.0082141404208249E+000 
                        284     9.7212744397075557E-001     2.2237676549446772E+000     4.9903580412329900E+000    -6.0999604282079956E+000     7.0249588406867236E+000 
                        285     9.7121116998526813E-001     2.2227614559979290E+000     4.9966487575130438E+000    -6.0897452758243906E+000     7.0416803405304123E+000 
                        286     9.7026810093375515E-001     2.2217428081053745E+000     5.0029242694919720E+000    -6.0795361997203372E+000     7.0583804073951013E+000 
                        287     9.6929744533999718E-001     2.2207114447946421E+000     5.0091854899634134E+000    -6.0693327001798520E+000     7.0750607670355556E+000 
                        288     9.6829838856212713E-001     2.2196670931948574E+000     5.0154333621391567E+000    -6.0591369667300814E+000     7.0917263867213958E+000 
                        289     9.6727009111677087E-001     2.2186094661857472E+000     5.0216688452217904E+000    -6.0489447060274619E+000     7.1083804137379731E+000 
                        290     9.6621168658653978E-001     2.2175382764421290E+000     5.0278929034034929E+000    -6.0387546471271278E+000     7.1250216533469688E+000 
                        291     9.6512228002017508E-001     2.2164532283782905E+000     5.0341064513287810E+000    -6.0285663525823852E+000     7.1416519441919259E+000 
                        292     9.6400094990459706E-001     2.2153540187111238E+000     5.0403103142068906E+000    -6.0183784641556857E+000     7.1582755412711467E+000 
                        293     9.6284674912018653E-001     2.2142403402141460E+000     5.0465052304916629E+000    -6.0081896580365832E+000     7.1748949740357384E+000 
                        294     9.6165870406880483E-001     2.2131118813033708E+000     5.0526918718391567E+000    -5.9980017415571441E+000     7.1915092372142375E+000 
                        295     9.6043581374159503E-001     2.2119683173995979E+000     5.0588708626566214E+000    -5.9878082907318584E+000     7.2081242805963539E+000 
                        296     9.5917704905127021E-001     2.2108093323798776E+000     5.0650427746693447E+000    -5.9776095788253407E+000     7.2247369772505117E+000 
                        297     9.5788135276187403E-001     2.2096346016880708E+000     5.0712081094711010E+000    -5.9674072664118825E+000     7.2413534642876609E+000 
                        298     9.5654763980328261E-001     2.2084437890335331E+000     5.0773672869883058E+000    -5.9571963883275982E+000     7.2579734223070727E+000 
                        299     9.5517479849548970E-001     2.2072365658967787E+000     5.0835206435083418E+000    -5.9469749235406342E+000     7.2746005485610352E+000 
                        300     9.5376169252244847E-001     2.2060126059141605E+000     5.0896684541983674E+000    -5.9367462847546326E+000     7.2912311919799748E+000 
                        301     9.5230716309425401E-001     2.2047715715265412E+000     5.0958109736944772E+000    -5.9265071967180125E+000     7.3078714521018187E+000 
                        302     9.5081003318908275E-001     2.2035131362979485E+000     5.1019484412972353E+000    -5.9162589602521605E+000     7.3245215932017693E+000 
                        303     9.4926911309553197E-001     2.2022369763276326E+000     5.1080810694795726E+000    -5.9060025109831900E+000     7.3411815767983484E+000 
                        304     9.4768320148987406E-001     2.2009427714427150E+000     5.1142090406496923E+000    -5.8957350059548768E+000     7.3578496581700401E+000 
                        305     9.4605108581523023E-001     2.1996302162121526E+000     5.1203324941923904E+000    -5.8854547895034912E+000     7.3745304058309289E+000 
                        306     9.4437154700741310E-001     2.1982990200324792E+000     5.1264515178318435E+000    -5.8751585193405971E+000     7.3912213618968412E+000 
                        307     9.4264336388490633E-001     2.1969489154351982E+000     5.1325661505305771E+000    -5.8648513878672093E+000     7.4079224707451292E+000 
                        308     9.4086530970371141E-001     2.1955796282031801E+000     5.1386763901240764E+000    -5.8545337773834616E+000     7.4246362722882413E+000 
                        309     9.3903615207052371E-001     2.1941908909635277E+000     5.1447821972604570E+000    -5.8442066884851327E+000     7.4413600971333542E+000 
                        310     9.3715465454839442E-001     2.1927824415870734E+000     5.1508835046219437E+000    -5.8338684333235555E+000     7.4580937756312320E+000 
                        311     9.3521957386604682E-001     2.1913540290364129E+000     5.1569802296632981E+000    -5.8235213600940323E+000     7.4748356383078969E+000 
                        312     9.3322965697923521E-001     2.1899053974170988E+000     5.1630722803320737E+000    -5.8131646209468189E+000     7.4915862126615620E+000 
                        313     9.3118364007212906E-001     2.1884362950748346E+000     5.1691595559811052E+000    -5.8027986859635856E+000     7.5083468202067483E+000 
                        314     9.2908024498759034E-001     2.1869464672022065E+000     5.1752419427173590E+000    -5.7924215867658502E+000     7.5251142925251644E+000 
                        315     9.2691817472656879E-001     2.1854356607129843E+000     5.1813193110482354E+000    -5.7820417115778655E+000     7.5418871587283247E+000 
                        316     9.2469610989209194E-001     2.1839035852516950E+000     5.1873915177600827E+000    -5.7716519217119941E+000     7.5586660378508261E+000 
                        317     9.2241270741957770E-001     2.1823499660077013E+000     5.1934583812576580E+000    -5.7612545687685319E+000     7.5754516390119253E+000 
                        318     9.2006660094499026E-001     2.1807745108631198E+000     5.1995196646369504E+000    -5.7508441724390664E+000     7.5922474400963029E+000 
                        319     9.1765639865819759E-001     2.1791769371527026E+000     5.2055750825491973E+000    -5.7404306212671061E+000     7.6090430985890487E+000 
                        320     9.1518068298163047E-001     2.1775569149823779E+000     5.2116243421071227E+000    -5.7300087866643299E+000     7.6258434757188303E+000 
                        321     9.1263801439480741E-001     2.1759141241534987E+000     5.2176671872906608E+000    -5.7195797508172550E+000     7.6426498525407682E+000 
                        322     9.1002693243115174E-001     2.1742482317805227E+000     5.2237033983091035E+000    -5.7091450186489912E+000     7.6594621225004333E+000 
                        323     9.0734595613617330E-001     2.1725588902463491E+000     5.2297327636483733E+000    -5.6987075336838746E+000     7.6762762187017328E+000 
                        324     9.0459358646088917E-001     2.1708457321440537E+000     5.2357550517811955E+000    -5.6882586545432838E+000     7.6930937176886145E+000 
                        325     9.0176830675079711E-001     2.1691084158561345E+000     5.2417700003669436E+000    -5.6778051985007920E+000     7.7099157870267598E+000 
                        326     8.9886858204530495E-001     2.1673465638236018E+000     5.2477773401645882E+000    -5.6673424131099557E+000     7.7267433880840013E+000 
                        327     8.9589285981097100E-001     2.1655598084269303E+000     5.2537768291691540E+000    -5.6568741913745795E+000     7.7435694884640052E+000 
                        328     8.9283957010363679E-001     2.1637477565083616E+000     5.2597682693350185E+000    -5.6463966647830555E+000     7.7604031525021835E+000 
                        329     8.8970712617646019E-001     2.1619100210189339E+000     5.2657515007091655E+000    -5.6359116111002701E+000     7.7772397272621712E+000 
                        330     8.8649392422078899E-001     2.1600461969249247E+000     5.2717263878460932E+000    -5.6254228076383281E+000     7.7940750692967811E+000 
                        331     8.8319834347678883E-001     2.1581558512811649E+000     5.2776928169494406E+000    -5.6149248884010889E+000     7.8109166546393718E+000 
                        332     8.7981874584738806E-001     2.1562385617277244E+000     5.2836506956262754E+000    -5.6044227679835474E+000     7.8277600476101865E+000 
                        333     8.7635347670740193E-001     2.1542938714720754E+000     5.2895999535820399E+000    -5.5939153376316915E+000     7.8446052477047017E+000 
                        334     8.7280086446965544E-001     2.1523213142013469E+000     5.2955405354896712E+000    -5.5834012426082422E+000     7.8614507846470918E+000 
                        335     8.6915922118957101E-001     2.1503204150128004E+000     5.3014723914274313E+000    -5.5728763183012315E+000     7.8783026403591387E+000 
                        336     8.6542684244816370E-001     2.1482907030778065E+000     5.3073954716161174E+000    -5.5623459903321599E+000     7.8951541442340591E+000 
                        337     8.6160200683984289E-001     2.1462316660142315E+000     5.3133097285741080E+000    -5.5518074203666528E+000     7.9120087234873298E+000 
                        338     8.5768297558196949E-001     2.1441427868636516E+000     5.3192151261765961E+000    -5.5412616302793456E+000     7.9288652007701588E+000 
                        339     8.5366799271953919E-001     2.1420235251393249E+000     5.3251116352107015E+000    -5.5307091432696174E+000     7.9457239652955662E+000 
                        340     8.4955528688649862E-001     2.1398733187562002E+000     5.3309992294899722E+000    -5.5201523177371374E+000     7.9625827704844649E+000 
                        341     8.4534307224766536E-001     2.1376915738219768E+000     5.3368778911036108E+000    -5.5095867091771940E+000     7.9794467850099542E+000 
                        342     8.4102955052695805E-001     2.1354776984329220E+000     5.3427476098372235E+000    -5.4990121844654487E+000     7.9963125910530062E+000 
                        343     8.3661291292748186E-001     2.1332310814569526E+000     5.3486083768891737E+000    -5.4884340587686431E+000     8.0131803816758147E+000 
                        344     8.3209134308345400E-001     2.1309510638001052E+000     5.3544601855462988E+000    -5.4778469472873850E+000     8.0300499598563224E+000 
                        345     8.2746301782202192E-001     2.1286369925576660E+000     5.3603030323325189E+000    -5.4672554001587255E+000     8.0469199641411802E+000 
                        346     8.2272611120899941E-001     2.1262881693421698E+000     5.3661369171996007E+000    -5.4566520812865615E+000     8.0637979597935665E+000 
                        347     8.1787879753364512E-001     2.1239039138777813E+000     5.3719618434785348E+000    -5.4460426026777151E+000     8.0806773375924230E+000 
                        348     8.1291925433797596E-001     2.1214834939275082E+000     5.3777778210104357E+000    -5.4354290827816865E+000     8.0975556768900994E+000 
                        349     8.0784566408713077E-001     2.1190261416502443E+000     5.3835848761807092E+000    -5.4248033583992754E+000     8.1144402381554581E+000 
                        350     8.0265621324555525E-001     2.1165311096334412E+000     5.3893830402693732E+000    -5.4141743176285901E+000     8.1313256009431978E+000 
                        351     7.9734909199665505E-001     2.1139975718985884E+000     5.3951723399527136E+000    -5.4035367971416095E+000     8.1482118644624411E+000 
                        352     7.9192249586892538E-001     2.1114247022423038E+000     5.4009527937219888E+000    -5.3928928897383237E+000     8.1651053888405407E+000 
                        353     7.8637462894361976E-001     2.1088116316482299E+000     5.4067244138341293E+000    -5.3822388605496947E+000     8.1819988341044407E+000 
                        354     7.8070370394564015E-001     2.1061574806473944E+000     5.4124872080240340E+000    -5.3715787287450487E+000     8.1988963331145062E+000 
                        355     7.7490794526532958E-001     2.1034613112636533E+000     5.4182411827125945E+000    -5.3609114140859129E+000     8.2157954672230442E+000 
                        356     7.6898558960361685E-001     2.1007221548289063E+000     5.4239863477042105E+000    -5.3502349279150394E+000     8.2326968027899952E+000 
                        357     7.6293488536017950E-001     2.0979390150124466E+000     5.4297226933321570E+000    -5.3395530193267042E+000     8.2496022387342176E+000 
                        358     7.5675409513337200E-001     2.0951108290315208E+000     5.4354501715892871E+000    -5.3288619210633019E+000     8.2665097270334460E+000 
                        359     7.5044149722278486E-001     2.0922365130082010E+000     5.4411686962995631E+000    -5.3181667318040384E+000     8.2834199883745629E+000 
                        360     7.4399538615973615E-001     2.0893149003352085E+000     5.4468781620441415E+000    -5.3074612285451348E+000     8.3003341134438795E+000 
                        361     7.3741407468542230E-001     2.0863448138207898E+000     5.4525784974335387E+000    -5.2967486177663821E+000     8.3172511915369842E+000 
                        362     7.3069589702811610E-001     2.0833250003297312E+000     5.4582697075707776E+000    -5.2860257118588683E+000     8.3341717672814042E+000 
                        363     7.2383921269456453E-001     2.0802541716945244E+000     5.4639518706963042E+000    -5.2752907369162596E+000     8.3510964049788932E+000 
                        364     7.1684241661902992E-001     2.0771309961633109E+000     5.4696251012722303E+000    -5.2645479935353947E+000     8.3680228255334104E+000 
                        365     7.0970394398813408E-001     2.0739540517219819E+000     5.4752895155771562E+000    -5.2537978413921707E+000     8.3849542702254229E+000 
                        366     7.0242227180964290E-001     2.0707218481318725E+000     5.4809452231986846E+000    -5.2430399637366856E+000     8.4018899793971773E+000 
                        367     6.9499592155930223E-001     2.0674328270841698E+000     5.4865923269518131E+000    -5.2322747819660300E+000     8.4188299532236783E+000 
                        368     6.8742346509792207E-001     2.0640853529052237E+000     5.4922309229174333E+000    -5.2215028904226974E+000     8.4357740007721329E+000 
                        369     6.7970352464106498E-001     2.0606777039915016E+000     5.4978610978528746E+000    -5.2107237564160407E+000     8.4527206059324307E+000 
                        370     6.7183478566909582E-001     2.0572080797834569E+000     5.5020644398194900E+000    -5.2026059727745171E+000     8.4654394801084329E+000 
                        371     6.6784422452204661E-001     2.0554495756082560E+000     5.5048733601015041E+000    -5.1972093733358875E+000     8.4739150188916899E+000 
                        372     6.6381600316915046E-001     2.0536748716229276E+000     5.5076802137497340E+000    -5.1918064280162808E+000     8.4823952971107559E+000 
                        373     6.5974997716138084E-001     2.0518837358273085E+000     5.5104850088281534E+000    -5.1864027804207167E+000     8.4908751223331098E+000 
                        374     6.5564600877815615E-001     2.0500759078059967E+000     5.5132877519670194E+000    -5.1809984848076747E+000     8.4993555314698011E+000 
                        375     6.5150396482265549E-001     2.0482511199346445E+000     5.5160884508800532E+000    -5.1755881560551158E+000     8.5078383123465695E+000 
                        376     6.4732371824201440E-001     2.0464091209788529E+000     5.5188871146265193E+000    -5.1701767561065139E+000     8.5163232731272469E+000 
                        377     6.4310514651988937E-001     2.0445496316383025E+000     5.5216837508061056E+000    -5.1647660766567522E+000     8.5248069311774639E+000 
                        378     6.3884813437886634E-001     2.0426723581271049E+000     5.5244783687058021E+000    -5.1593488294994341E+000     8.5332959610669032E+000 
                        379     6.3455257194376058E-001     2.0407770304919972E+000     5.5272709808929470E+000    -5.1539308778417707E+000     8.5417824669327960E+000 
                        380     6.3021835644296620E-001     2.0388633463156536E+000     5.5300616005043279E+000    -5.1485128534694926E+000     8.5502685204343525E+000 
                        381     6.2584539059349775E-001     2.0369309917289149E+000     5.5328502446896994E+000    -5.1430885610033883E+000     8.5587619103199639E+000 
                        382     6.2143358468823662E-001     2.0349796726597442E+000     5.5356369325162316E+000    -5.1376649851647764E+000     8.5672525989272934E+000 
                        383     6.1698285690228016E-001     2.0330090558341003E+000     5.5384216854241366E+000    -5.1322374522757750E+000     8.5757469662394890E+000 
                        384     6.1249313120293958E-001     2.0310188195396464E+000     5.5412045286835143E+000    -5.1268046631482713E+000     8.5842421108287663E+000 
                        385     6.0796433877361777E-001     2.0290086392229369E+000     5.5439854886014457E+000    -5.1213742641597380E+000     8.5927362617921919E+000 
                        386     6.0339641699170499E-001     2.0269781447987198E+000     5.5467645922112396E+000    -5.1159397690174444E+000     8.6012322338992355E+000 
                        387     5.9878931307394612E-001     2.0249269870542697E+000     5.5495418664748852E+000    -5.1105029028870854E+000     8.6097326479692242E+000 
                        388     5.9414297945660799E-001     2.0228547972956390E+000     5.5523173395423324E+000    -5.1050630007729207E+000     8.6182328365354142E+000 
                        389     5.8945737764891804E-001     2.0207611996871115E+000     5.5550910392185013E+000    -5.0996225246267848E+000     8.6267339289178953E+000 
                        390     5.8473247676996332E-001     2.0186457948878629E+000     5.5578629931037158E+000    -5.0941763979264438E+000     8.6352395690625237E+000 
                        391     5.7996825623080273E-001     2.0165081973747618E+000     5.5606332279481032E+000    -5.0887319898303023E+000     8.6437423031365679E+000 
                        392     5.7516470281112064E-001     2.0143479725894884E+000     5.5634017707361423E+000    -5.0832841442129384E+000     8.6522494094839395E+000 
                        393     5.7032181442735486E-001     2.0121646993349764E+000     5.5661686475167578E+000    -5.0778324353170001E+000     8.6607568875449363E+000 
                        394     5.6543959857557025E-001     2.0099579456840964E+000     5.5689338801778252E+000    -5.0723807927030000E+000     8.6692653024568056E+000 
                        395     5.6051807279326304E-001     2.0077272460945452E+000     5.5716974892105267E+000    -5.0669237201172770E+000     8.6777787487940241E+000 
                        396     5.5555726724986298E-001     2.0054721499998314E+000     5.5744594923277955E+000    -5.0614670835260478E+000     8.6862910008367873E+000 
                        397     5.5055722119842598E-001     2.0031921610242382E+000     5.5772199049242355E+000    -5.0560065889858796E+000     8.6948072637675153E+000 
                        398     5.4551798607153612E-001     2.0008867901063678E+000     5.5799787422914457E+000    -5.0505442125649962E+000     8.7033215069106440E+000 
                        399     5.4043962198487494E-001     1.9985555204977004E+000     5.5827360155500791E+000    -5.0450808187270288E+000     8.7118401333835269E+000 
                        400     5.3532220285757637E-001     1.9961978146611123E+000     5.5854917345029396E+000    -5.0396140051319405E+000     8.7203572103259628E+000 
                        401     5.3016581148552522E-001     1.9938131288536511E+000     5.5882459082267744E+000    -5.0341436864667362E+000     8.7288790379257524E+000 
                        402     5.2497054246764785E-001     1.9914009013101917E+000     5.5909985420399453E+000    -5.0286696131575095E+000     8.7374053307428543E+000 
                        403     5.1973650348738554E-001     1.9889605527784773E+000     5.5937496394409605E+000    -5.0231959871746410E+000     8.7459289635623882E+000 
                        404     5.1446381240558847E-001     1.9864914586435469E+000     5.5964992022787365E+000    -5.0177176160653776E+000     8.7544572388792936E+000 
                        405     5.0915260230627024E-001     1.9839930030820554E+000     5.5992472276408671E+000    -5.0122387211213928E+000     8.7629863608494141E+000 
                        406     5.0380302096204621E-001     1.9814645242635076E+000     5.6019937114097402E+000    -5.0067531232157778E+000     8.7715202914019716E+000 
                        407     4.9841523078873201E-001     1.9789053732732325E+000     5.6047386479384960E+000    -5.0012701235520423E+000     8.7800517354919823E+000 
                        408     4.9298941050716699E-001     1.9763148228275023E+000     5.6074820339450824E+000    -4.9957821706161454E+000     8.7885858540349169E+000 
                        409     4.8752575561315142E-001     1.9736921650547703E+000     5.6102238720541262E+000    -4.9902901830862261E+000     8.7971261393133684E+000 
                        410     4.8202447878426752E-001     1.9710366609990659E+000     5.6129641669205910E+000    -4.9847977579382796E+000     8.8056645770133617E+000 
                        411     4.7648580961242543E-001     1.9683475218258870E+000     5.6157029267680763E+000    -4.9793002538040865E+000     8.8142065047548659E+000 
                        412     4.7090999669739081E-001     1.9656239587621036E+000     5.6184401650591580E+000    -4.9738003690216139E+000     8.8227531142317606E+000 
                        413     4.6529730440226907E-001     1.9628651347025052E+000     5.6211758986010771E+000    -4.9682975003073677E+000     8.8312989866220093E+000 
                        414     4.5964801732441302E-001     1.9600701847540112E+000     5.6239101482356695E+000    -4.9627924529970215E+000     8.8398469753920459E+000 
                        415     4.5396243759393379E-001     1.9572382038965410E+000     5.6266429401831592E+000    -4.9572821976752213E+000     8.8484013951183282E+000 
                        416     4.4824088618753472E-001     1.9543682706684049E+000     5.6293743025099721E+000    -4.9517681898862502E+000     8.8569572067062694E+000 
                        417     4.4248370550979627E-001     1.9514594173288324E+000     5.6321042652362276E+000    -4.9462538909152123E+000     8.8655144205190251E+000 
                        418     4.3669125730753361E-001     1.9485106119363729E+000     5.6348328629007671E+000    -4.9407336669353805E+000     8.8740762504642543E+000 
                        419     4.3086392571386950E-001     1.9455208187458286E+000     5.6375601320753859E+000    -4.9352109565026820E+000     8.8826397789226110E+000 
                        420     4.2500211751403588E-001     1.9424889345600993E+000     5.6402861114834320E+000    -4.9296847393030001E+000     8.8912054772376621E+000 
                        421     4.1910626305010029E-001     1.9394138163380792E+000     5.6430108435662349E+000    -4.9241539307398394E+000     8.8997760991868660E+000 
                        422     4.1317681814888857E-001     1.9362942800967471E+000     5.6457343719730755E+000    -4.9186213827539937E+000     8.9083467307837001E+000 
                        423     4.0721426703772318E-001     1.9331290707829276E+000     5.6484567407415769E+000    -4.9130823178712575E+000     8.9169249582211645E+000 
                        424     4.0121911809705296E-001     1.9299169118448947E+000     5.6511779952160275E+000    -4.9075418237204973E+000     8.9255028652109676E+000 
                        425     3.9519190791418818E-001     1.9266564315462338E+000     5.6538981830940287E+000    -4.9019966161745501E+000     8.9340870293162506E+000 
                        426     3.8913320305588778E-001     1.9233462212369392E+000     5.6566173518581353E+000    -4.8964489479788575E+000     8.9426735517488147E+000 
                        427     3.8304359952684691E-001     1.9199847894066788E+000     5.6593355521250572E+000    -4.8908954103348661E+000     8.9512637266299588E+000 
                        428     3.7692372234605126E-001     1.9165706002276941E+000     5.6620528365317728E+000    -4.8853390522458353E+000     8.9598577561833874E+000 
                        429     3.7077422785659747E-001     1.9131020198345923E+000     5.6647692585376594E+000    -4.8797778806733367E+000     8.9684571132909134E+000 
                        430     3.6459580519159868E-001     1.9095773509321115E+000     5.6674848723180826E+000    -4.8742158317960786E+000     8.9770580992604536E+000 
                        431     3.5838917457373815E-001     1.9059947777530468E+000     5.6701997336264807E+000    -4.8686471301054066E+000     8.9856635510186766E+000 
                        432     3.5215509285774277E-001     1.9023524422256903E+000     5.6729138979226938E+000    -4.8630743679686974E+000     8.9942756638171435E+000 
                        433     3.4589435108201588E-001     1.8986483677328385E+000     5.6756274205382793E+000    -4.8574970139208595E+000     9.0028909274288598E+000 
                        434     3.3960777634371303E-001     1.8948804780046498E+000     5.6783403591507282E+000    -4.8519161661160846E+000     9.0115112678538800E+000 
                        435     3.3329623614581622E-001     1.8910465773227361E+000     5.6810527718454393E+000    -4.8463293976063717E+000     9.0201384255217008E+000 
                        436     3.2696064001734421E-001     1.8871443737519376E+000     5.6837647167715168E+000    -4.8407402277193183E+000     9.0287666442708421E+000 
                        437     3.2060193927752584E-001     1.8831714163004041E+000     5.6864762581395247E+000    -4.8351413767940477E+000     9.0374057029458825E+000 
                        438     3.1422112780609074E-001     1.8791251834849294E+000     5.6891874644651264E+000    -4.8295428581724833E+000     9.0460448043538566E+000 
                        439     3.0781924767497432E-001     1.8750029158094432E+000     5.6918984077279600E+000    -4.8239361631652828E+000     9.0546939906436013E+000 
                        440     3.0139738829235801E-001     1.8708017744573304E+000     5.6946061229786871E+000    -4.8183205190254945E+000     9.0633480057493987E+000 
                        441     2.9495668995401242E-001     1.8665187608959692E+000     5.6972856543721040E+000    -4.8126526604435371E+000     9.0720084420466378E+000 
                        442     2.8849834334957963E-001     1.8621511362657734E+000     5.6999385817693238E+000    -4.8069355703073660E+000     9.0806752587423301E+000 
                        443     2.8202359470677435E-001     1.8576959764207650E+000     5.7025663735873380E+000    -4.8011748950934274E+000     9.0893492822674702E+000 
                        444     2.7553374886815479E-001     1.8531501286386940E+000     5.7051704606601295E+000    -4.7953660342914244E+000     9.0980310729331091E+000 
                        445     2.6903016585083400E-001     1.8485102982169614E+000     5.7077521501150441E+000    -4.7895153344265173E+000     9.1067174690988324E+000 
                        446     2.6251427173123648E-001     1.8437729232949629E+000     5.7103126848343937E+000    -4.7836215344331343E+000     9.1154153436519412E+000 
                        447     2.5598755683047908E-001     1.8389342328304026E+000     5.7128532206815903E+000    -4.7776885117383943E+000     9.1241176374409836E+000 
                        448     2.4945157699868842E-001     1.8339901684038902E+000     5.7153749040538937E+000    -4.7717141021624103E+000     9.1328313790663369E+000 
                        449     2.4290796252497721E-001     1.8289364334053115E+000     5.7178787654224044E+000    -4.7657029702764557E+000     9.1415508242812766E+000 
                        450     2.3635841861885515E-001     1.8237683876619450E+000     5.7203657670354966E+000    -4.7596559869361394E+000     9.1502797907922204E+000 
                        451     2.2980472587818596E-001     1.8184810582338378E+000     5.7228368488885550E+000    -4.7535726451357050E+000     9.1590188698370323E+000 
                        452     2.2324875120870719E-001     1.8130691309478919E+000     5.7252928752082823E+000    -4.7474580576273926E+000     9.1677600385850013E+000 
                        453     2.1669244527174020E-001     1.8075268389222596E+000     5.7277347466182773E+000    -4.7413076790896218E+000     9.1765146217589368E+000 
                        454     2.1013785438217619E-001     1.8018480502898264E+000     5.7301632811114320E+000    -4.7351254349349823E+000     9.1852777202366038E+000 
                        455     2.0358711580948946E-001     1.7960261091389689E+000     5.7325791883368575E+000    -4.7289141379576796E+000     9.1940494819069798E+000 
                        456     1.9704247280270731E-001     1.7900538031907371E+000     5.7349832329596317E+000    -4.7226720288779331E+000     9.2028307171160044E+000 
                        457     1.9050627422205552E-001     1.7839233626848428E+000     5.7373760986197277E+000    -4.7164024713175170E+000     9.2116196089986282E+000 
                        458     1.8398098223271625E-001     1.7776263253936238E+000     5.7397584436861031E+000    -4.7101064875885665E+000     9.2204172798334092E+000 
                        459     1.7746918292083619E-001     1.7711534953837695E+000     5.7421309283676685E+000    -4.7037810965622064E+000     9.2292260170848994E+000 
                        460     1.7097358858001049E-001     1.7644949140518047E+000     5.7444941464158399E+000    -4.6974319487671279E+000     9.2380418306855905E+000 
                        461     1.6449704968440176E-001     1.7576396349698136E+000     5.7468487040739795E+000    -4.6910595580447678E+000     9.2468670772577681E+000 
                        462     1.5804256288857538E-001     1.7505756815209010E+000     5.7491951550111917E+000    -4.6846622579114117E+000     9.2557025706262746E+000 
                        463     1.5161328037205418E-001     1.7432899510673663E+000     5.7515340270116431E+000    -4.6782423077135462E+000     9.2645455476881988E+000 
                        464     1.4521252212085795E-001     1.7357679988874957E+000     5.7538658350886616E+000    -4.6718001659758883E+000     9.2734004627511037E+000 
                        465     1.3884378798416191E-001     1.7279938851571883E+000     5.7561910990305911E+000    -4.6653359822888971E+000     9.2822623270062685E+000 
                        466     1.3251076514545296E-001     1.7199499601353956E+000     5.7585102731265252E+000    -4.6588533929206744E+000     9.2911345853223342E+000 
                        467     1.2621734998657180E-001     1.7116165518787483E+000     5.7608238327500585E+000    -4.6523479265834844E+000     9.3000143695946278E+000 
                        468     1.1996766430949585E-001     1.7029718178611783E+000     5.7631321506313480E+000    -4.6458246137542067E+000     9.3089054386015864E+000 
                        469     1.1376606728560351E-001     1.6939911916968822E+000     5.7654356049959645E+000    -4.6392825184493098E+000     9.3178046962589232E+000 
                        470     1.0761718301620898E-001     1.6846470659056398E+000     5.7677345545928791E+000    -4.6327247694559448E+000     9.3267117993421564E+000 
                        471     1.0152592455206283E-001     1.6749081713837415E+000     5.7700294177289830E+000    -4.6261482195900916E+000     9.3356297341765231E+000 
                        472     9.5497517147425104E-002     1.6647390529934170E+000     5.7723205358585812E+000    -4.6195546421616056E+000     9.3445546774972570E+000 
                        473     8.9537535961865256E-002     1.6540991646031717E+000     5.7746082502461435E+000    -4.6129425306488452E+000     9.3534917113645228E+000 
                        474     8.3651942655910860E-002     1.6429419378936920E+000     5.7768927854509879E+000    -4.6063177004007860E+000     9.3624348129734134E+000 
                        475     7.7847124481006447E-002     1.6312133076688986E+000     5.7791744132829370E+000    -4.5996757448841894E+000     9.3713904509615418E+000 
                        476     7.2129948363130969E-002     1.6188503471933082E+000     5.7814533592585118E+000    -4.5930234872215028E+000     9.3803494009972912E+000 
                        477     6.6507818085305426E-002     1.6057788389443839E+000     5.7837300360717609E+000    -4.5863514652676516E+000     9.3893214161466219E+000 
                        478     6.0988750228574140E-002     1.5919109926753812E+000     5.7860045821519561E+000    -4.5796692118481142E+000     9.3983002515451037E+000 
                        479     5.5581461005470068E-002     1.5771411860026952E+000     5.7882772480606759E+000    -4.5729722696089725E+000     9.4072888049071857E+000 
                        480     5.0295471377092837E-002     1.5613413777964193E+000     5.7905482171477995E+000    -4.5662641355017595E+000     9.4162843293699883E+000 
                        481     4.5141237860822525E-002     1.5443539051793029E+000     5.7928176942219238E+000    -4.5595433474295399E+000     9.4252899644944463E+000 
                        482     4.0130323525780776E-002     1.5259818429469845E+000     5.7950857378895764E+000    -4.5528121258198366E+000     9.4343007583174856E+000 
                        483     3.5275612752462326E-002     1.5059745699478615E+000     5.7973526703348002E+000    -4.5460692089000707E+000     9.4433224086590162E+000 
                        484     3.0591595191570120E-002     1.4840064888984834E+000     5.7996185840757404E+000    -4.5393179083159483E+000     9.4523479365300105E+000 
                        485     2.6094752399754839E-002     1.4596434828196769E+000     5.8018838330585893E+000    -4.5325525471691428E+000     9.4613857275868423E+000 
                        486     2.1804089376016911E-002     1.4322892480168428E+000     5.8041482865091520E+000    -4.5257811934753454E+000     9.4704275209476538E+000 
                        487     1.7741908422911512E-002     1.4010916109411267E+000     5.8064119931050495E+000    -4.5189996475662078E+000     9.4794762804676438E+000 
                        488     1.3934922531867955E-002     1.3647721418870866E+000     5.8096558780290941E+000    -4.5093202970420885E+000     9.4924112050386533E+000 
                        489     7.2280326421778063E-003     1.2669235299821298E+000     5.8132516770953560E+000    -4.4984309708864130E+000     9.5068861309666612E+000 
                        490     4.4292535071399075E-003     1.1946388446256355E+000     5.8150273149518705E+000    -4.4930723523518949E+000     9.5140186180833535E+000 
                        491     3.2016368218868441E-003     1.1469674587726928E+000     5.8163899592938346E+000    -4.4889772378598574E+000     9.5194773586819821E+000 
                        492     1.6409787768802420E-003     1.0491646867014923E+000     5.8178454794544443E+000    -4.4845866269183636E+000     9.5253214067523899E+000 
                        493     8.0453873745262028E-004     9.4527420277629803E-001     5.8187693952153419E+000    -4.4818018849324250E+000     9.5290305290184509E+000 
                        494     4.3574775369309426E-004     8.5612000865448179E-001     5.8193150184933851E+000    -4.4801570388254959E+000     9.5312212134513370E+000 
                        495     2.2286911965857525E-004     7.5878335589086299E-001     5.8196889510069880E+000    -4.4790304733646691E+000     9.5327194909466755E+000 
                        496     1.1642980264131575E-004     6.6461729266269742E-001     5.8199208002356499E+000    -4.4783325425950924E+000     9.5336493298264582E+000 
                        497     6.3210144132630486E-005     5.7608634507400514E-001     5.8200628277104069E+000    -4.4779044442643068E+000     9.5342194279398225E+000 
                        498     3.6600314878343365E-005     4.9692222560513410E-001     5.8201480006380386E+000    -4.4776475915057441E+000     9.5345620496789412E+000 
                        499     2.3295400251199805E-005     4.3148015074046447E-001     5.8201974985449096E+000    -4.4774993073526232E+000     9.5347602057630212E+000 
                        500     1.6642942937628025E-005     3.8277899752841638E-001     5.8202344050626209E+000    -4.4773861527347441E+000     9.5349089233803657E+000 
                        501     9.9904856240562445E-006     3.0887365893520669E-001     5.8202726921023631E+000    -4.4772729674648399E+000     9.5350619767272384E+000 
                        502     4.9952428125554782E-006     2.0850760760551337E-001     5.8203037204259322E+000    -4.4771796087795632E+000     9.5351866547579469E+000 
                        503     2.4976214067495839E-006     1.0814995854188218E-001     5.8203232664255786E+000    -4.4771212525530810E+000     9.5352644755864837E+000 
                        504     1.2488107039021479E-006     7.7974452180820117E-003     5.8203355807824906E+000    -4.4770833980661608E+000     9.5353142922897245E+000 
                        505     6.2440535247842988E-007    -9.2551631024868172E-002     5.8203433389839780E+000    -4.4770590216321846E+000     9.5353455291722042E+000 
                        506     3.1220267676657087E-007    -1.9289832599497930E-001     5.8203482256217551E+000    -4.4770454661525720E+000     9.5353639387873006E+000 
                        507     1.5610133891064137E-007    -2.9324386550954462E-001     5.8203513034872261E+000    -4.4770356272047298E+000     9.5353783059093935E+000 
                        508     7.8050668927964750E-008    -3.9358833297663970E-001     5.8203538887888104E+000    -4.4770288137568430E+000     9.5353866116015880E+000 
